节点位移  单位：m
  节点号         x方向位移               y方向位移
     1         6.21115440e-22         -4.07555456e-22
     2         7.31292032e-22         -1.35087296e-21
     3         6.81649919e-22         -1.62885429e-21
     4         6.39896976e-22         -1.71127253e-21
     5         6.14926369e-22         -1.74279028e-21
     6         5.96957745e-22         -1.74716113e-21
     7         5.85171859e-22         -1.73575432e-21
     8         5.78340437e-22         -1.71337998e-21
     9         5.75857470e-22         -1.68240711e-21
    10         5.77242208e-22         -1.64388002e-21
    11         5.82109017e-22         -1.59807412e-21
    12         5.90100961e-22         -1.54471877e-21
    13         6.00839396e-22         -1.48306666e-21
    14         6.13843464e-22         -1.41185260e-21
    15         6.28371848e-22         -1.32915204e-21
    16         6.43091197e-22         -1.23203931e-21
    17         6.55157738e-22         -1.11616266e-21
    18         6.56570319e-22         -9.71408546e-22
    19         8.15061628e-22         -1.29527455e-21
    20         1.51350289e-06         -2.17987975e-07
    21         9.56407429e-07         -1.09456563e-06
    22         8.44093380e-07         -1.21768837e-06
    23         7.81348412e-07         -1.28570170e-06
    24         7.42113445e-07         -1.31095445e-06
    25         7.16238750e-07         -1.31837199e-06
    26         6.99311469e-07         -1.31438013e-06
    27         6.89311026e-07         -1.30270877e-06
    28         6.85016422e-07         -1.28501304e-06
    29         6.85632583e-07         -1.26203760e-06
    30         6.90557578e-07         -1.23394061e-06
    31         6.99274079e-07         -1.20046843e-06
    32         7.11261424e-07         -1.16100144e-06
    33         7.25892585e-07         -1.11452219e-06
    34         7.42260683e-07         -1.05949529e-06
    35         7.58850850e-07         -9.93661759e-07
    36         7.72695358e-07         -9.13393982e-07
    37         7.77821823e-07         -8.13573323e-07
    38         7.49037976e-07         -6.73050684e-07
    39         2.64605100e-06         -8.93297886e-07
    40         2.05920222e-06         -2.01226868e-06
    41         1.73673756e-06         -2.36875449e-06
    42         1.58691131e-06         -2.50182142e-06
    43         1.49274009e-06         -2.56189762e-06
    44         1.43098821e-06         -2.58149838e-06
    45         1.38998026e-06         -2.57790576e-06
    46         1.36414275e-06         -2.55839179e-06
    47         1.35028880e-06         -2.52666325e-06
    48         1.34636066e-06         -2.48436951e-06
    49         1.35085655e-06         -2.43198466e-06
    50         1.36252218e-06         -2.36914957e-06
    51         1.38014073e-06         -2.29479225e-06
    52         1.40231851e-06         -2.20708038e-06
    53         1.42717925e-06         -2.10321822e-06
    54         1.45180116e-06         -1.97900183e-06
    55         1.47118485e-06         -1.82800370e-06
    56         1.47506931e-06         -1.63919139e-06
    57         1.44358113e-06         -1.38882931e-06
    58         3.63149746e-06         -1.79009601e-06
    59         3.06013726e-06         -2.92271676e-06
    60         2.64618705e-06         -3.43328637e-06
    61         2.39776437e-06         -3.65236880e-06
    62         2.24312058e-06         -3.75052093e-06
    63         2.13927853e-06         -3.78804821e-06
    64         2.06894141e-06         -3.78907837e-06
    65         2.02258826e-06         -3.76561584e-06
    66         1.99474379e-06         -3.72348357e-06
    67         1.98184659e-06         -3.66545294e-06
    68         1.98131396e-06         -3.59245782e-06
    69         1.99102580e-06         -3.50418156e-06
    70         2.00898355e-06         -3.39926225e-06
    71         2.03300070e-06         -3.27525898e-06
    72         2.06030803e-06         -3.12839061e-06
    73         2.08693766e-06         -2.95298166e-06
    74         2.10658311e-06         -2.74035787e-06
    75         2.10860130e-06         -2.47647196e-06
    76         2.07593484e-06         -2.13707834e-06
    77         4.49188871e-06         -2.79574188e-06
    78         3.95431125e-06         -3.86073568e-06
    79         3.50771935e-06         -4.44644248e-06
    80         3.19332345e-06         -4.73865411e-06
    81         2.98070149e-06         -4.87882299e-06
    82         2.83409149e-06         -4.93759113e-06
    83         2.73189154e-06         -4.94715699e-06
    84         2.66199849e-06         -4.92334650e-06
    85         2.61687637e-06         -4.87429809e-06
    86         2.59150940e-06         -4.80397867e-06
    87         2.58221502e-06         -4.71390976e-06
    88         2.58598319e-06         -4.60394702e-06
    89         2.60003335e-06         -4.47259474e-06
    90         2.62143741e-06         -4.31700635e-06
    91         2.64669191e-06         -4.13271207e-06
    92         2.67111494e-06         -3.91301419e-06
    93         2.68791868e-06         -3.64785621e-06
    94         2.68691086e-06         -3.32179997e-06
    95         2.65326186e-06         -2.91078540e-06
    96         5.24803815e-06         -3.85575313e-06
    97         4.74825388e-06         -4.82594211e-06
    98         4.29991977e-06         -5.43165424e-06
    99         3.94952854e-06         -5.77223813e-06
   100         3.69260131e-06         -5.95019075e-06
   101         3.50707820e-06         -6.03157007e-06
   102         3.37360521e-06         -6.05224872e-06
   103         3.27907405e-06         -6.03114379e-06
   104         3.21474634e-06         -5.97832703e-06
   105         3.17447613e-06         -5.89894724e-06
   106         3.15363428e-06         -5.79516101e-06
   107         3.14840542e-06         -5.66709565e-06
   108         3.15530255e-06         -5.51325881e-06
   109         3.17076255e-06         -5.33059135e-06
   110         3.19072370e-06         -5.11421778e-06
   111         3.21009471e-06         -4.85686135e-06
   112         3.22204307e-06         -4.54780548e-06
   113         3.21711748e-06         -4.17122254e-06
   114         3.18241497e-06         -3.70377433e-06
   115         5.91424482e-06         -4.94050156e-06
   116         5.45167270e-06         -5.80913354e-06
   117         5.01692894e-06         -6.40035677e-06
   118         4.65228302e-06         -6.76459852e-06
   119         4.36658257e-06         -6.97060440e-06
   120         4.14994656e-06         -7.07269694e-06
   121         3.98840459e-06         -7.10550146e-06
   122         3.87008516e-06         -7.08923182e-06
   123         3.78605158e-06         -7.03527609e-06
   124         3.72958225e-06         -6.94972884e-06
   125         3.69539410e-06         -6.83534259e-06
   126         3.67904773e-06         -6.69256111e-06
   127         3.67648896e-06         -6.52000148e-06
   128         3.68366136e-06         -6.31456012e-06
   129         3.69612103e-06         -6.07120949e-06
   130         3.70859531e-06         -5.78247600e-06
   131         3.71444843e-06         -5.43753513e-06
   132         3.70507211e-06         -5.02083590e-06
   133         3.66930401e-06         -4.51022239e-06
   134         6.50071597e-06         -6.03205636e-06
   135         6.07330731e-06         -6.80020123e-06
   136         5.65944623e-06         -7.35648648e-06
   137         5.29481884e-06         -7.72409056e-06
   138         4.99388665e-06         -7.94650239e-06
   139         4.75528150e-06         -8.06474284e-06
   140         4.57079274e-06         -8.10891083e-06
   141         4.43116305e-06         -8.09851994e-06
   142         4.32826919e-06         -8.04536732e-06
   143         4.25542118e-06         -7.95610173e-06
   144         4.20706239e-06         -7.83392251e-06
   145         4.17837774e-06         -7.67957210e-06
   146         4.16493144e-06         -7.49183948e-06
   147         4.16233714e-06         -7.26770797e-06
   148         4.16593373e-06         -7.00220637e-06
   149         4.17043612e-06         -6.68796840e-06
   150         4.16954289e-06         -6.31446868e-06
   151         4.15551310e-06         -5.86689146e-06
   152         4.11876496e-06         -5.32461996e-06
   153         7.01501023e-06         -7.11845636e-06
   154         6.62040010e-06         -7.79021262e-06
   155         6.23059350e-06         -8.30000172e-06
   156         5.87489386e-06         -8.65580715e-06
   157         5.56923133e-06         -8.88343037e-06
   158         5.31738561e-06         -9.01181348e-06
   159         5.11593396e-06         -9.06507641e-06
   160         4.95862970e-06         -9.06049525e-06
   161         4.83883472e-06         -9.00932030e-06
   162         4.75043482e-06         -8.91825628e-06
   163         4.68798708e-06         -8.79071502e-06
   164         4.64657840e-06         -8.62765515e-06
   165         4.62160103e-06         -8.42805139e-06
   166         4.60851135e-06         -8.18906045e-06
   167         4.60258262e-06         -7.90592224e-06
   168         4.59864580e-06         -7.57160320e-06
   169         4.59081359e-06         -7.17616564e-06
   170         4.57219618e-06         -6.70584030e-06
   171         4.53463683e-06         -6.14179675e-06
   172         7.46301170e-06         -8.19107862e-06
   173         7.09890705e-06         -8.77170171e-06
   174         6.73421622e-06         -9.22896448e-06
   175         6.39280076e-06         -9.56231337e-06
   176         6.09004831e-06         -9.78555313e-06
   177         5.83244079e-06         -9.91773692e-06
   178         5.62001030e-06         -9.97684947e-06
   179         5.44927082e-06         -9.97705383e-06
   180         5.31533236e-06         -9.92827385e-06
   181         5.21302829e-06         -9.83676464e-06
   182         5.13735994e-06         -9.70586828e-06
   183         5.08358081e-06         -9.53662675e-06
   184         5.04712122e-06         -9.32816749e-06
   185         5.02344986e-06         -9.07786036e-06
   186         5.00791139e-06         -8.78125598e-06
   187         4.99555332e-06         -8.43180537e-06
   188         4.98094791e-06         -8.02034935e-06
   189         4.95801729e-06         -7.53436277e-06
   190         4.91987686e-06         -6.95694937e-06
   191         7.84953079e-06         -9.24333451e-06
   192         7.51382233e-06         -9.73848290e-06
   193         7.17422440e-06         -1.01406461e-05
   194         6.85017454e-06         -1.04444437e-05
   195         6.55566497e-06         -1.06556658e-05
   196         6.29829829e-06         -1.07857181e-05
   197         6.08034155e-06         -1.08470095e-05
   198         5.90052643e-06         -1.08502943e-05
   199         5.75565866e-06         -1.08036690e-05
   200         5.64169100e-06         -1.07125173e-05
   201         5.55429855e-06         -1.05798302e-05
   202         5.48911991e-06         -1.04065725e-05
   203         5.44181134e-06         -1.01919546e-05
   204         5.40800853e-06         -9.93355631e-06
   205         5.38324774e-06         -9.62728671e-06
   206         5.36287221e-06         -9.26716773e-06
   207         5.34193762e-06         -8.84492794e-06
   208         5.31512591e-06         -8.34939243e-06
   209         5.27667647e-06         -7.76566220e-06
   210         8.17867421e-06         -1.02699698e-05
   211         7.86945151e-06         -1.06853917e-05
   212         7.55436883e-06         -1.10320793e-05
   213         7.24932720e-06         -1.13019278e-05
   214         6.96665827e-06         -1.14954110e-05
   215         6.71414189e-06         -1.16182184e-05
   216         6.49533113e-06         -1.16780380e-05
   217         6.31057504e-06         -1.16823215e-05
   218         6.15814084e-06         -1.16371130e-05
   219         6.03510521e-06         -1.15466367e-05
   220         5.93793441e-06         -1.14132946e-05
   221         5.86280442e-06         -1.12378132e-05
   222         5.80574670e-06         -1.10193938e-05
   223         5.76269337e-06         -1.07557888e-05
   224         5.72947236e-06         -1.04432689e-05
   225         5.70178363e-06         -1.00764569e-05
   226         5.67517519e-06         -9.64801019e-06
   227         5.64502995e-06         -9.14813539e-06
   228         5.60656952e-06         -8.56392252e-06
   229         8.45407777e-06         -1.12666586e-05
   230         8.16961337e-06         -1.16080592e-05
   231         7.87819099e-06         -1.19003192e-05
   232         7.59289250e-06         -1.21338248e-05
   233         7.32440229e-06         -1.23055398e-05
   234         7.08015654e-06         -1.24169737e-05
   235         6.86432232e-06         -1.24719963e-05
   236         6.67832920e-06         -1.24750923e-05
   237         6.52160039e-06         -1.24302471e-05
   238         6.39223021e-06         -1.23403793e-05
   239         6.28749588e-06         -1.22071333e-05
   240         6.20419254e-06         -1.20308587e-05
   241         6.13882883e-06         -1.18106497e-05
   242         6.08773063e-06         -1.15443716e-05
   243         6.04709436e-06         -1.12286242e-05
   244         6.01302036e-06         -1.08586150e-05
   245         5.98154653e-06         -1.04279160e-05
   246         5.94869448e-06         -9.92808448e-06
   247         5.91053386e-06         -9.34813147e-06
   248         8.67905767e-06         -1.22297520e-05
   249         8.41778391e-06         -1.25027371e-05
   250         8.14903733e-06         -1.27425580e-05
   251         7.88364330e-06         -1.29388080e-05
   252         7.63077093e-06         -1.30861481e-05
   253         7.39725372e-06         -1.31830800e-05
   254         7.18742809e-06         -1.32304838e-05
   255         7.00337502e-06         -1.32303125e-05
   256         6.84536829e-06         -1.31846347e-05
   257         6.71235680e-06         -1.30950391e-05
   258         6.60237790e-06         -1.29623221e-05
   259         6.51286562e-06         -1.27863536e-05
   260         6.44085990e-06         -1.25660326e-05
   261         6.38314278e-06         -1.22992664e-05
   262         6.33633122e-06         -1.19829275e-05
   263         6.29695254e-06         -1.16127563e-05
   264         6.26152230e-06         -1.11831803e-05
   265         6.22663718e-06         -1.06870273e-05
   266         6.18908828e-06         -1.01151104e-05
   267         8.85671263e-06         -1.31561125e-05
   268         8.61719911e-06         -1.33661669e-05
   269         8.37009385e-06         -1.35561676e-05
   270         8.12440243e-06         -1.37153442e-05
   271         7.88794993e-06         -1.38368661e-05
   272         7.66686272e-06         -1.39171018e-05
   273         7.46537003e-06         -1.39546484e-05
   274         7.28588551e-06         -1.39493812e-05
   275         7.12926534e-06         -1.39016772e-05
   276         6.99513348e-06         -1.38118629e-05
   277         6.88219468e-06         -1.36798660e-05
   278         6.78849429e-06         -1.35050185e-05
   279         6.71161572e-06         -1.32859541e-05
   280         6.64882636e-06         -1.30205520e-05
   281         6.59719110e-06         -1.27058873e-05
   282         6.55367446e-06         -1.23381565e-05
   283         6.51524890e-06         -1.19125503e-05
   284         6.47902189e-06         -1.14230470e-05
   285         6.44238738e-06         -1.08621014e-05
   286         8.98999562e-06         -1.40430019e-05
   287         8.77092955e-06         -1.41954823e-05
   288         8.54442419e-06         -1.43387076e-05
   289         8.31800356e-06         -1.44618049e-05
   290         8.09832189e-06         -1.45570012e-05
   291         7.89078082e-06         -1.46191772e-05
   292         7.69934222e-06         -1.46452260e-05
   293         7.52652892e-06         -1.46333712e-05
   294         7.37356213e-06         -1.45825592e-05
   295         7.24057045e-06         -1.44919812e-05
   296         7.12681484e-06         -1.43607327e-05
   297         7.03089366e-06         -1.41875910e-05
   298         6.95091357e-06         -1.39708796e-05
   299         6.88462793e-06         -1.37083884e-05
   300         6.82955493e-06         -1.33973200e-05
   301         6.78309150e-06         -1.30342358e-05
   302         6.74263884e-06         -1.26149742e-05
   303         6.70575136e-06         -1.21345149e-05
   304         6.67031515e-06         -1.15867610e-05
   305         9.08176644e-06         -1.48880007e-05
   306         8.88193628e-06         -1.49881359e-05
   307         8.67500540e-06         -1.50879191e-05
   308         8.46727873e-06         -1.51765347e-05
   309         8.26439847e-06         -1.52456426e-05
   310         8.07106974e-06         -1.52891113e-05
   311         7.89090394e-06         -1.53025921e-05
   312         7.72638428e-06         -1.52830341e-05
   313         7.57893082e-06         -1.52282178e-05
   314         7.44902849e-06         -1.51363582e-05
   315         7.33638151e-06         -1.50057955e-05
   316         7.24006685e-06         -1.48347716e-05
   317         7.15867210e-06         -1.46212808e-05
   318         7.09041547e-06         -1.43629766e-05
   319         7.03325576e-06         -1.40571182e-05
   320         6.98500526e-06         -1.37005345e-05
   321         6.94345995e-06         -1.32895824e-05
   322         6.90655862e-06         -1.28200741e-05
   323         6.87257745e-06         -1.22871436e-05
   324         9.13483214e-06         -1.56889507e-05
   325         8.95311413e-06         -1.57418452e-05
   326         8.76476019e-06         -1.58017122e-05
   327         8.57506020e-06         -1.58578914e-05
   328         8.38878301e-06         -1.59017360e-05
   329         8.20998716e-06         -1.59264524e-05
   330         8.04189944e-06         -1.59268153e-05
   331         7.88687009e-06         -1.58988205e-05
   332         7.74639693e-06         -1.58393316e-05
   333         7.62119950e-06         -1.57457588e-05
   334         7.51132089e-06         -1.56157890e-05
   335         7.41623721e-06         -1.54471761e-05
   336         7.33496213e-06         -1.52375900e-05
   337         7.26614295e-06         -1.49845185e-05
   338         7.20815343e-06         -1.46852158e-05
   339         7.15919521e-06         -1.43366826e-05
   340         7.11742164e-06         -1.39356603e-05
   341         7.08109616e-06         -1.34786142e-05
   342         7.04879236e-06         -1.29616763e-05
   343         9.15197966e-06         -1.64439122e-05
   344         8.98732703e-06         -1.64545510e-05
   345         8.81658607e-06         -1.64781518e-05
   346         8.64419017e-06         -1.65042703e-05
   347         8.47415268e-06         -1.65241363e-05
   348         8.30994343e-06         -1.65305543e-05
   349         8.15440062e-06         -1.65177077e-05
   350         8.00968771e-06         -1.64809073e-05
   351         7.87729586e-06         -1.64163240e-05
   352         7.75808392e-06         -1.63207313e-05
   353         7.65234294e-06         -1.61912778e-05
   354         7.55987103e-06         -1.60252966e-05
   355         7.48004823e-06         -1.58201590e-05
   356         7.41190695e-06         -1.55731763e-05
   357         7.35420251e-06         -1.52815495e-05
   358         7.30549488e-06         -1.49423642e-05
   359         7.26425670e-06         -1.45526144e-05
   360         7.22902095e-06         -1.41092363e-05
   361         7.19857673e-06         -1.36091210e-05
   362         9.13600377e-06         -1.71511334e-05
   363         8.98743818e-06         -1.71243873e-05
   364         8.83338202e-06         -1.71154456e-05
   365         8.67753512e-06         -1.71141189e-05
   366         8.52325348e-06         -1.71116455e-05
   367         8.37347676e-06         -1.71006238e-05
   368         8.23066840e-06         -1.70748695e-05
   369         8.09677874e-06         -1.70292290e-05
   370         7.97323662e-06         -1.69593746e-05
   371         7.86096837e-06         -1.68616014e-05
   372         7.76043711e-06         -1.67326370e-05
   373         7.67169252e-06         -1.65694727e-05
   374         7.59442147e-06         -1.63692247e-05
   375         7.52799465e-06         -1.61290348e-05
   376         7.47151232e-06         -1.58460205e-05
   377         7.42386081e-06         -1.55172776e-05
   378         7.38379644e-06         -1.51399306e-05
   379         7.35007350e-06         -1.47112096e-05
   380         7.32162684e-06         -1.42285263e-05
   381         9.08973232e-06         -1.78090291e-05
   382         8.95633718e-06         -1.77496594e-05
   383         8.81807393e-06         -1.77119340e-05
   384         8.67800297e-06         -1.76859450e-05
   385         8.53890376e-06         -1.76630388e-05
   386         8.40324134e-06         -1.76357581e-05
   387         8.27312843e-06         -1.75977272e-05
   388         8.15029476e-06         -1.75435071e-05
   389         8.03607311e-06         -1.74684373e-05
   390         7.93140527e-06         -1.73684757e-05
   391         7.83686531e-06         -1.72400423e-05
   392         7.75269238e-06         -1.70798717e-05
   393         7.67882400e-06         -1.68848811e-05
   394         7.61492282e-06         -1.66520683e-05
   395         7.56039807e-06         -1.63784554e-05
   396         7.51443292e-06         -1.60610931e-05
   397         7.47603750e-06         -1.56971282e-05
   398         7.44414867e-06         -1.52839186e-05
   399         7.41779096e-06         -1.48191677e-05
   400         9.01604987e-06         -1.84161675e-05
   401         8.89696563e-06         -1.83288304e-05
   402         8.77363928e-06         -1.82660832e-05
   403         8.64856243e-06         -1.82183228e-05
   404         8.52400385e-06         -1.81770841e-05
   405         8.40200521e-06         -1.81349735e-05
   406         8.28435816e-06         -1.80855648e-05
   407         8.17257740e-06         -1.80232789e-05
   408         8.06788255e-06         -1.79432601e-05
   409         7.97119542e-06         -1.78412516e-05
   410         7.88315315e-06         -1.77134699e-05
   411         7.80413111e-06         -1.75564782e-05
   412         7.73426577e-06         -1.73670602e-05
   413         7.67346778e-06         -1.71421119e-05
   414         7.62142207e-06         -1.68785702e-05
   415         7.57758460e-06         -1.65734079e-05
   416         7.54119831e-06         -1.62237067e-05
   417         7.51135601e-06         -1.58268032e-05
   418         7.48713138e-06         -1.53804769e-05
   419         8.91792065e-06         -1.89712664e-05
   420         8.81234175e-06         -1.88605151e-05
   421         8.70313156e-06         -1.87764822e-05
   422         8.59226385e-06         -1.87098974e-05
   423         8.48155004e-06         -1.86525554e-05
   424         8.37265520e-06         -1.85972266e-05
   425         8.26708274e-06         -1.85375490e-05
   426         8.16614712e-06         -1.84679213e-05
   427         8.07095057e-06         -1.83834049e-05
   428         7.98237334e-06         -1.82796306e-05
   429         7.90107996e-06         -1.81527026e-05
   430         7.82753718e-06         -1.79990923e-05
   431         7.76203337e-06         -1.78155212e-05
   432         7.70468553e-06         -1.75988408e-05
   433         7.65542435e-06         -1.73459378e-05
   434         7.61396155e-06         -1.70537021e-05
   435         7.57976351e-06         -1.67190901e-05
   436         7.55206760e-06         -1.63392906e-05
   437         7.52997361e-06         -1.59119619e-05
   438         8.79841057e-06         -1.94731980e-05
   439         8.70558431e-06         -1.93434809e-05
   440         8.60970439e-06         -1.92418441e-05
   441         8.51226103e-06         -1.91593892e-05
   442         8.41465160e-06         -1.90882433e-05
   443         8.31820746e-06         -1.90214305e-05
   444         8.22417837e-06         -1.89527489e-05
   445         8.13369977e-06         -1.88766709e-05
   446         8.04776249e-06         -1.87882655e-05
   447         7.96719575e-06         -1.86831332e-05
   448         7.89266748e-06         -1.85573398e-05
   449         7.82469974e-06         -1.84073355e-05
   450         7.76368998e-06         -1.82298491e-05
   451         7.70992099e-06         -1.80217584e-05
   452         7.66354103e-06         -1.77799608e-05
   453         7.62450743e-06         -1.75012945e-05
   454         7.59251431e-06         -1.71825663e-05
   455         7.56695091e-06         -1.68207196e-05
   456         7.54694033e-06         -1.64131159e-05
   457         8.66070724e-06         -1.99210063e-05
   458         8.57993475e-06         -1.97766593e-05
   459         8.49663423e-06         -1.96610123e-05
   460         8.41183283e-06         -1.95656002e-05
   461         8.32654968e-06         -1.94829634e-05
   462         8.24182249e-06         -1.94064658e-05
   463         8.15868242e-06         -1.93301495e-05
   464         8.07811120e-06         -1.92486389e-05
   465         8.00100198e-06         -1.91570818e-05
   466         7.92813443e-06         -1.90511111e-05
   467         7.86016822e-06         -1.89268099e-05
   468         7.79765525e-06         -1.87806613e-05
   469         7.74106456e-06         -1.86094628e-05
   470         7.69080362e-06         -1.84101951e-05
   471         7.64720789e-06         -1.81798548e-05
   472         7.61047384e-06         -1.79153036e-05
   473         7.58054206e-06         -1.76132243e-05
   474         7.55698363e-06         -1.72702567e-05
   475         7.53896662e-06         -1.68833162e-05
   476         8.50813532e-06         -2.03139384e-05
   477         8.43877481e-06         -2.01591659e-05
   478         8.36733910e-06         -2.00329725e-05
   479         8.29440209e-06         -1.99274209e-05
   480         8.22063631e-06         -1.98355632e-05
   481         8.14682366e-06         -1.97511900e-05
   482         8.07381070e-06         -1.96686623e-05
   483         8.00245161e-06         -1.95828208e-05
   484         7.93356010e-06         -1.94889474e-05
   485         7.86787720e-06         -1.93827539e-05
   486         7.80605651e-06         -1.92603779e-05
   487         7.74866905e-06         -1.91183677e-05
   488         7.69622811e-06         -1.89536315e-05
   489         7.64922483e-06         -1.87633229e-05
   490         7.60814373e-06         -1.85446464e-05
   491         7.57340990e-06         -1.82946173e-05
   492         7.54524048e-06         -1.80098899e-05
   493         7.52344568e-06         -1.76868036e-05
   494         7.50729174e-06         -1.73217098e-05
   495         8.34416122e-06         -2.06514970e-05
   496         8.28563415e-06         -2.04903346e-05
   497         8.22538786e-06         -2.03568711e-05
   498         8.16354740e-06         -2.02438414e-05
   499         8.10047008e-06         -2.01449308e-05
   500         8.03671813e-06         -2.00544464e-05
   501         7.97298301e-06         -1.99671338e-05
   502         7.91001327e-06         -1.98781023e-05
   503         7.84856104e-06         -1.97828115e-05
   504         7.78934567e-06         -1.96770864e-05
   505         7.73303097e-06         -1.95571412e-05
   506         7.68021750e-06         -1.94196002e-05
   507         7.63145649e-06         -1.92614923e-05
   508         7.58729041e-06         -1.90801841e-05
   509         7.54830394e-06         -1.88731963e-05
   510         7.51512190e-06         -1.86378823e-05
   511         7.48826823e-06         -1.83710672e-05
   512         7.46787990e-06         -1.80688926e-05
   513         7.45341842e-06         -1.77270814e-05
   514         8.17237613e-06         -2.09335196e-05
   515         8.12417658e-06         -2.07697645e-05
   516         8.07448947e-06         -2.06320388e-05
   517         8.02299883e-06         -2.05139644e-05
   518         7.96978361e-06         -2.04100072e-05
   519         7.91521852e-06         -2.03150773e-05
   520         7.85985867e-06         -2.02243577e-05
   521         7.80435704e-06         -2.01332664e-05
   522         7.74941410e-06         -2.00374762e-05
   523         7.69574396e-06         -1.99329540e-05
   524         7.64404735e-06         -1.98160071e-05
   525         7.59498919e-06         -1.96833307e-05
   526         7.54918909e-06         -1.95320505e-05
   527         7.50724228e-06         -1.93597275e-05
   528         7.46978675e-06         -1.91642557e-05
   529         7.43758328e-06         -1.89435357e-05
   530         7.41146410e-06         -1.86948991e-05
   531         7.39200423e-06         -1.84145737e-05
   532         7.37902243e-06         -1.80976952e-05
   533         7.99643413e-06         -2.11602949e-05
   534         7.95814293e-06         -2.09973816e-05
   535         7.91844137e-06         -2.08580190e-05
   536         7.87660359e-06         -2.07370256e-05
   537         7.83247537e-06         -2.06298098e-05
   538         7.78626436e-06         -2.05319509e-05
   539         7.73838515e-06         -2.04391000e-05
   540         7.68938408e-06         -2.03470101e-05
   541         7.63990340e-06         -2.02515974e-05
   542         7.59065836e-06         -2.01490020e-05
   543         7.54241264e-06         -2.00356455e-05
   544         7.49594686e-06         -1.99082928e-05
   545         7.45202311e-06         -1.97641238e-05
   546         7.41136192e-06         -1.96008105e-05
   547         7.37466877e-06         -1.94165515e-05
   548         7.34275385e-06         -1.92099123e-05
   549         7.31667478e-06         -1.89791877e-05
   550         7.29753980e-06         -1.87212980e-05
   551         7.28577505e-06         -1.84310933e-05
   552         7.81990271e-06         -2.13327284e-05
   553         7.79120162e-06         -2.11735046e-05
   554         7.76100101e-06         -2.10345964e-05
   555         7.72823909e-06         -2.09124292e-05
   556         7.69258148e-06         -2.08034825e-05
   557         7.65404659e-06         -2.07040159e-05
   558         7.61286608e-06         -2.06101488e-05
   559         7.56944019e-06         -2.05179823e-05
   560         7.52432538e-06         -2.04237037e-05
   561         7.47822573e-06         -2.03236630e-05
   562         7.43197688e-06         -2.02144338e-05
   563         7.38651727e-06         -2.00928718e-05
   564         7.34284339e-06         -1.99561900e-05
   565         7.30195030e-06         -1.98020692e-05
   566         7.26477750e-06         -1.96288094e-05
   567         7.23223004e-06         -1.94354551e-05
   568         7.20540278e-06         -1.92215722e-05
   569         7.18586212e-06         -1.89858474e-05
   570         7.17499517e-06         -1.87238265e-05
   571         7.64589594e-06         -2.14525662e-05
   572         7.62662093e-06         -2.12988879e-05
   573         7.60560092e-06         -2.11618293e-05
   574         7.58166573e-06         -2.10398358e-05
   575         7.55424129e-06         -2.09304002e-05
   576         7.52305354e-06         -2.08304036e-05
   577         7.48806282e-06         -2.07364055e-05
   578         7.44946120e-06         -2.06448594e-05
   579         7.40767742e-06         -2.05522507e-05
   580         7.36337454e-06         -2.04551820e-05
   581         7.31744016e-06         -2.03504303e-05
   582         7.27096938e-06         -2.02349946e-05
   583         7.22523693e-06         -2.01061549e-05
   584         7.18164947e-06         -1.99615671e-05
   585         7.14166526e-06         -1.97994381e-05
   586         7.10668479e-06         -1.96188273e-05
   587         7.07801431e-06         -1.94200514e-05
   588         7.05726293e-06         -1.92045097e-05
   589         7.04686712e-06         -1.89710727e-05
   590         7.47632297e-06         -2.15225997e-05
   591         7.46640424e-06         -2.13746386e-05
   592         7.45491733e-06         -2.12402268e-05
   593         7.44038014e-06         -2.11193759e-05
   594         7.42172264e-06         -2.10103706e-05
   595         7.39818901e-06         -2.09105988e-05
   596         7.36936118e-06         -2.08170254e-05
   597         7.33517163e-06         -2.07264635e-05
   598         7.29589236e-06         -2.06357243e-05
   599         7.25211622e-06         -2.05417030e-05
   600         7.20474075e-06         -2.04414317e-05
   601         7.15495899e-06         -2.03321187e-05
   602         7.10425900e-06         -2.02111898e-05
   603         7.05442925e-06         -2.00763510e-05
   604         7.00755931e-06         -1.99257117e-05
   605         6.96600668e-06         -1.97580504e-05
   606         6.93227202e-06         -1.95733948e-05
   607         6.90882679e-06         -1.93742627e-05
   608         6.89861293e-06         -1.91662717e-05
   609         7.30893742e-06         -2.15458719e-05
   610         7.31028167e-06         -2.14026447e-05
   611         7.31056641e-06         -2.12712411e-05
   612         7.30769951e-06         -2.11520873e-05
   613         7.29967230e-06         -2.10439610e-05
   614         7.28506411e-06         -2.09446748e-05
   615         7.26305767e-06         -2.08515956e-05
   616         7.23335703e-06         -2.07619126e-05
   617         7.19610824e-06         -2.06727843e-05
   618         7.15184013e-06         -2.05814228e-05
   619         7.10142709e-06         -2.04851463e-05
   620         7.04607395e-06         -2.03814164e-05
   621         6.98732558e-06         -2.02678726e-05
   622         6.92710831e-06         -2.01423775e-05
   623         6.86781752e-06         -2.00030953e-05
   624         6.81247781e-06         -1.98486551e-05
   625         6.76501768e-06         -1.96785426e-05
   626         6.73064463e-06         -1.94941133e-05
   627         6.71658576e-06         -1.93025546e-05
节点应力  单位：N/m^2
  节点号         x方向正应力               y方向正应力               剪应力
     1        -5.62063223e+03         -2.80358482e+04          7.78150587e+04
     2        -2.82224323e+04         -1.40774168e+05          4.91726185e+04
     3        -3.13970461e+04         -1.56609218e+05          4.33981172e+04
     4        -3.31507112e+04         -1.65356541e+05          4.01721548e+04
     5        -3.38018316e+04         -1.68604346e+05          3.81549329e+04
     6        -3.39930865e+04         -1.69558330e+05          3.68246144e+04
     7        -3.38901599e+04         -1.69044929e+05          3.59543172e+04
     8        -3.35892238e+04         -1.67543853e+05          3.54401556e+04
     9        -3.31329546e+04         -1.65267971e+05          3.52193533e+04
    10        -3.25405528e+04         -1.62313057e+05          3.52510326e+04
    11        -3.18160960e+04         -1.58699449e+05          3.55042457e+04
    12        -3.09530447e+04         -1.54394528e+05          3.59523948e+04
    13        -2.99354223e+04         -1.49318603e+05          3.65687108e+04
    14        -2.87369949e+04         -1.43340819e+05          3.73209555e+04
    15        -2.73181737e+04         -1.36263705e+05          3.81625030e+04
    16        -2.56207128e+04         -1.27796729e+05          3.90154679e+04
    17        -2.35510773e+04         -1.17473338e+05          3.97272677e+04
    18        -2.09772876e+04         -1.04635213e+05          3.99908392e+04
    19        -1.73540323e+04         -8.65623289e+04          3.85109499e+04
    20        -5.24120131e+04         -6.54190989e+04          4.23463088e+04
    21        -5.07632730e+04         -1.35443010e+05          3.79474935e+04
    22        -3.70559544e+04         -1.54038850e+05          4.16857122e+04
    23        -3.60654128e+04         -1.61954392e+05          3.92948082e+04
    24        -3.54535808e+04         -1.65388937e+05          3.77858571e+04
    25        -3.48628266e+04         -1.66366706e+05          3.66489851e+04
    26        -3.42100049e+04         -1.65903082e+05          3.58980649e+04
    27        -3.34709987e+04         -1.64439297e+05          3.54614532e+04
    28        -3.26469416e+04         -1.62196599e+05          3.53012613e+04
    29        -3.17350488e+04         -1.59270008e+05          3.53864821e+04
    30        -3.07297214e+04         -1.55680457e+05          3.56926580e+04
    31        -2.96215185e+04         -1.51395154e+05          3.61980098e+04
    32        -2.83982223e+04         -1.46333856e+05          3.68807049e+04
    33        -2.70469406e+04         -1.40364311e+05          3.77149431e+04
    34        -2.55591027e+04         -1.33287577e+05          3.86637921e+04
    35        -2.39474562e+04         -1.24804685e+05          3.96672749e+04
    36        -2.22798727e+04         -1.14469994e+05          4.06040998e+04
    37        -2.11645478e+04         -1.01407363e+05          4.13024185e+04
    38        -1.89806936e+04         -8.45485970e+04          4.08268127e+04
    39        -6.40693204e+04         -1.09767008e+05          2.10727743e+04
    40        -5.78290062e+04         -1.25901956e+05          3.17009820e+04
    41        -4.64110736e+04         -1.47071971e+05          3.86238179e+04
    42        -3.97491455e+04         -1.54652261e+05          3.83655356e+04
    43        -3.73458137e+04         -1.58408719e+05          3.71384452e+04
    44        -3.56987059e+04         -1.59696468e+05          3.61313559e+04
    45        -3.43765350e+04         -1.59521565e+05          3.53900301e+04
    46        -3.31644579e+04         -1.58329793e+05          3.49275527e+04
    47        -3.19824214e+04         -1.56350325e+05          3.47193180e+04
    48        -3.07909027e+04         -1.53687251e+05          3.47422788e+04
    49        -2.95670355e+04         -1.50370143e+05          3.49744381e+04
    50        -2.82958874e+04         -1.46375457e+05          3.53955683e+04
    51        -2.69685081e+04         -1.41633629e+05          3.59859178e+04
    52        -2.55846766e+04         -1.36025671e+05          3.67243306e+04
    53        -2.41626789e+04         -1.29369629e+05          3.75853784e+04
    54        -2.27593396e+04         -1.21390650e+05          3.85347441e+04
    55        -2.15542272e+04         -1.11672459e+05          3.95298337e+04
    56        -2.09152383e+04         -9.93912193e+04          4.05842939e+04
    57        -1.93483013e+04         -8.52520209e+04          4.11274547e+04
    58        -6.78823805e+04         -1.30975410e+05          1.31105121e+04
    59        -6.15685000e+04         -1.28081810e+05          2.33953678e+04
    60        -5.22372930e+04         -1.40212796e+05          3.39085625e+04
    61        -4.43421284e+04         -1.47945513e+05          3.59767139e+04
    62        -3.98008476e+04         -1.51562688e+05          3.57594685e+04
    63        -3.70319629e+04         -1.53069300e+05          3.51203483e+04
    64        -3.49502348e+04         -1.53130881e+05          3.45450787e+04
    65        -3.32132260e+04         -1.52187229e+05          3.41441895e+04
    66        -3.16475705e+04         -1.50456391e+05          3.39470412e+04
    67        -3.01695105e+04         -1.48046144e+05          3.39513015e+04
    68        -2.87336600e+04         -1.44991976e+05          3.41460687e+04
    69        -2.73156598e+04         -1.41278517e+05          3.45178054e+04
    70        -2.59060988e+04         -1.36846759e+05          3.50529976e+04
    71        -2.45120698e+04         -1.31592056e+05          3.57393791e+04
    72        -2.31660489e+04         -1.25352739e+05          3.65673842e+04
    73        -2.19485734e+04         -1.17887837e+05          3.75350521e+04
    74        -2.10286902e+04         -1.08827726e+05          3.86652462e+04
    75        -2.06870847e+04         -9.76191170e+04          4.00973442e+04
    76        -1.95156726e+04         -8.54741518e+04          4.09112839e+04
    77        -6.81080698e+04         -1.41121495e+05          8.72536806e+03
    78        -6.28610432e+04         -1.31756100e+05          1.75354423e+04
    79        -5.55049991e+04         -1.36290192e+05          2.83340147e+04
    80        -4.79481093e+04         -1.41815298e+05          3.25530316e+04
    81        -4.23958452e+04         -1.45113972e+05          3.35831295e+04
    82        -3.86029992e+04         -1.46592378e+05          3.35796142e+04
    83        -3.58042398e+04         -1.46803296e+05          3.33207776e+04
    84        -3.35408188e+04         -1.46056745e+05          3.30840313e+04
    85        -3.15891594e+04         -1.44546700e+05          3.29672722e+04
    86        -2.98262414e+04         -1.42371342e+05          3.30047763e+04
    87        -2.81851387e+04         -1.39567343e+05          3.32047289e+04
    88        -2.66305185e+04         -1.36125076e+05          3.35657188e+04
    89        -2.51494980e+04         -1.31995420e+05          3.40841238e+04
    90        -2.37508711e+04         -1.27088709e+05          3.47590422e+04
    91        -2.24718676e+04         -1.21266674e+05          3.55978232e+04
    92        -2.13933135e+04         -1.14325790e+05          3.66260644e+04
    93        -2.06605613e+04         -1.05973207e+05          3.79124463e+04
    94        -2.04932485e+04         -9.58189888e+04          3.96231386e+04
    95        -1.96131822e+04         -8.53997000e+04          4.06146441e+04
    96        -6.68682876e+04         -1.45770284e+05          6.14804376e+03
    97        -6.26630879e+04         -1.34459630e+05          1.33802575e+04
    98        -5.69453612e+04         -1.34003160e+05          2.32743036e+04
    99        -5.02927116e+04         -1.36775633e+05          2.85896346e+04
   100        -4.45602829e+04         -1.39152846e+05          3.07961274e+04
   101        -4.01598289e+04         -1.40394328e+05          3.15373801e+04
   102        -3.67769513e+04         -1.40613417e+05          3.17175934e+04
   103        -3.40483364e+04         -1.39992058e+05          3.17368804e+04
   104        -3.17376963e+04         -1.38659525e+05          3.17706907e+04
   105        -2.97056622e+04         -1.36692569e+05          3.18958638e+04
   106        -2.78704784e+04         -1.34121196e+05          3.21460266e+04
   107        -2.61876342e+04         -1.30937934e+05          3.25360673e+04
   108        -2.46394241e+04         -1.27101856e+05          3.30749696e+04
   109        -2.32324730e+04         -1.22538044e+05          3.37742923e+04
   110        -2.20014207e+04         -1.17132215e+05          3.46566884e+04
   111        -2.10178307e+04         -1.10720829e+05          3.57684697e+04
   112        -2.04011265e+04         -1.03080543e+05          3.72016365e+04
   113        -2.03236850e+04         -9.39308338e+04          3.91286144e+04
   114        -1.96647535e+04         -8.50504329e+04          4.02486165e+04
   115        -6.49825388e+04         -1.47348457e+05          4.50034523e+03
   116        -6.15914034e+04         -1.35751118e+05          1.03899866e+04
   117        -5.71480949e+04         -1.32300526e+05          1.90117285e+04
   118        -5.15052791e+04         -1.32634743e+05          2.46330079e+04
   119        -4.60657453e+04         -1.33785464e+05          2.76557927e+04
   120        -4.14617923e+04         -1.34546305e+05          2.91052984e+04
   121        -3.77126213e+04         -1.34632684e+05          2.97751342e+04
   122        -3.46256400e+04         -1.34045843e+05          3.01160229e+04
   123        -3.20136065e+04         -1.32835907e+05          3.03594332e+04
   124        -2.97444548e+04         -1.31042296e+05          3.06227884e+04
   125        -2.77338905e+04         -1.28680657e+05          3.09664787e+04
   126        -2.59328162e+04         -1.25740922e+05          3.14237983e+04
   127        -2.43194787e+04         -1.22187762e+05          3.20176610e+04
   128        -2.28964419e+04         -1.17959497e+05          3.27719909e+04
   129        -2.16919729e+04         -1.12964715e+05          3.37222220e+04
   130        -2.07647062e+04         -1.07077037e+05          3.49283393e+04
   131        -2.02092702e+04         -1.00131074e+05          3.64933594e+04
   132        -2.01589268e+04         -9.19265542e+04          3.85876726e+04
   133        -1.96645528e+04         -8.44173962e+04          3.98030030e+04
   134        -6.27967217e+04         -1.47018593e+05          3.37044428e+03
   135        -6.00074527e+04         -1.35739879e+05          8.17840551e+03
   136        -5.65274583e+04         -1.30588941e+05          1.55132693e+04
   137        -5.18163038e+04         -1.29047786e+05          2.09636933e+04
   138        -4.68858059e+04         -1.28958444e+05          2.44239966e+04
   139        -4.23716333e+04         -1.29083212e+05          2.64301029e+04
   140        -3.84779959e+04         -1.28906708e+05          2.75682638e+04
   141        -3.51683316e+04         -1.28263555e+05          2.82567745e+04
   142        -3.23346695e+04         -1.27114390e+05          2.87491930e+04
   143        -2.98757056e+04         -1.25452962e+05          2.91909803e+04
   144        -2.77171419e+04         -1.23273234e+05          2.96657215e+04
   145        -2.58118043e+04         -1.20557844e+05          3.02243096e+04
   146        -2.41363697e+04         -1.17273813e+05          3.09033039e+04
   147        -2.26894102e+04         -1.13370210e+05          3.17379346e+04
   148        -2.14916652e+04         -1.08775729e+05          3.27735996e+04
   149        -2.05881875e+04         -1.03396146e+05          3.40785585e+04
   150        -2.00510211e+04         -9.71133021e+04          3.57595850e+04
   151        -1.99803350e+04         -8.97889945e+04          3.79805531e+04
   152        -1.96036851e+04         -8.34928375e+04          3.92645918e+04
   153        -6.04618531e+04         -1.45386758e+05          2.55015471e+03
   154        -5.81171389e+04         -1.34641956e+05          6.49459616e+03
   155        -5.53592231e+04         -1.28586370e+05          1.26553739e+04
   156        -5.14447490e+04         -1.25714241e+05          1.76875476e+04
   157        -4.70881440e+04         -1.24537623e+05          2.12844543e+04
   158        -4.28418580e+04         -1.23981931e+05          2.36589701e+04
   159        -3.89847526e+04         -1.23453755e+05          2.51889629e+04
   160        -3.55887210e+04         -1.22675336e+05          2.62118862e+04
   161        -3.26244572e+04         -1.21526714e+05          2.69682406e+04
   162        -3.00336959e+04         -1.19953805e+05          2.76140146e+04
   163        -2.77624155e+04         -1.17924865e+05          2.82480331e+04
   164        -2.57717497e+04         -1.15411318e+05          2.89352809e+04
   165        -2.40402415e+04         -1.12379267e+05          2.97240209e+04
   166        -2.25639406e+04         -1.08785450e+05          3.06588965e+04
   167        -2.13566599e+04         -1.04574993e+05          3.17924863e+04
   168        -2.04508712e+04         -9.96801701e+04          3.31972623e+04
   169        -1.98987702e+04         -9.40207690e+04          3.49791224e+04
   170        -1.97725054e+04         -8.75075141e+04          3.72924810e+04
   171        -1.94750530e+04         -8.22749224e+04          3.86231092e+04
   172        -5.80476444e+04         -1.42799172e+05          1.92779133e+03
   173        -5.60380944e+04         -1.32657368e+05          5.17753303e+03
   174        -5.38232195e+04         -1.26181694e+05          1.03095462e+04
   175        -5.05672593e+04         -1.22422292e+05          1.48170172e+04
   176        -4.67709870e+04         -1.20374811e+05          1.83429600e+04
   177        -4.28823981e+04         -1.19179515e+05          2.09104644e+04
   178        -3.91891773e+04         -1.18262706e+05          2.27295448e+04
   179        -3.58238378e+04         -1.17293500e+05          2.40429959e+04
   180        -3.28186250e+04         -1.16094075e+05          2.50543928e+04
   181        -3.01586268e+04         -1.14568143e+05          2.59130191e+04
   182        -2.78152932e+04         -1.12657960e+05          2.67229900e+04
   183        -2.57628843e+04         -1.10321580e+05          2.75578957e+04
   184        -2.39851778e+04         -1.07521453e+05          2.84744102e+04
   185        -2.24778715e+04         -1.04218859e+05          2.95240109e+04
   186        -2.12494771e+04         -1.00371377e+05          3.07637327e+04
   187        -2.03218091e+04         -9.59321709e+04          3.22670871e+04
   188        -1.97302457e+04         -9.08509281e+04          3.41358966e+04
   189        -1.95234624e+04         -8.50768687e+04          3.65130558e+04
   190        -1.92740194e+04         -8.07676651e+04          3.78719838e+04
   191        -5.55883366e+04         -1.39470965e+05          1.43948349e+03
   192        -5.38388356e+04         -1.29946117e+05          4.12287964e+03
   193        -5.20363849e+04         -1.23348318e+05          8.36726992e+03
   194        -4.93170775e+04         -1.19038512e+05          1.23227405e+04
   195        -4.60324221e+04         -1.16340964e+05          1.56483223e+04
   196        -4.25327866e+04         -1.14596785e+05          1.82671040e+04
   197        -3.90817459e+04         -1.13299984e+05          2.02697432e+04
   198        -3.58362801e+04         -1.12112673e+05          2.18121055e+04
   199        -3.28687743e+04         -1.10825547e+05          2.30504936e+04
   200        -3.02002381e+04         -1.09311347e+05          2.41148877e+04
   201        -2.78274930e+04         -1.07489743e+05          2.51051966e+04
   202        -2.57402076e+04         -1.05305331e+05          2.60973836e+04
   203        -2.39298959e+04         -1.02715186e+05          2.71524326e+04
   204        -2.23940945e+04         -9.96823910e+04          2.83256232e+04
   205        -2.11380671e+04         -9.61731779e+04          2.96757730e+04
   206        -2.01753363e+04         -9.21563629e+04          3.12748283e+04
   207        -1.95276118e+04         -8.76045060e+04          3.32181849e+04
   208        -1.92242763e+04         -8.24966233e+04          3.56357293e+04
   209        -1.89981679e+04         -7.89801997e+04          3.70081182e+04
   210        -5.31018715e+04         -1.35545600e+05          1.04645798e+03
   211        -5.15603915e+04         -1.26631235e+05          3.26158630e+03
   212        -5.00753178e+04         -1.20097986e+05          6.74338767e+03
   213        -4.77917541e+04         -1.15485801e+05          1.01609210e+04
   214        -4.49582723e+04         -1.12336280e+05          1.32136091e+04
   215        -4.18438213e+04         -1.10155190e+05          1.57793058e+04
   216        -3.86751128e+04         -1.08519465e+05          1.78711100e+04
   217        -3.56104071e+04         -1.07113146e+05          1.95749440e+04
   218        -3.27432103e+04         -1.05718331e+05          2.09998138e+04
   219        -3.01199418e+04         -1.04189955e+05          2.22497588e+04
   220        -2.77589365e+04         -1.02431116e+05          2.34132687e+04
   221        -2.56649853e+04         -1.00374785e+05          2.45629145e+04
   222        -2.38385232e+04         -9.79721441e+04          2.57597599e+04
   223        -2.22806356e+04         -9.51860405e+04          2.70597188e+04
   224        -2.09953550e+04         -9.19880340e+04          2.85208258e+04
   225        -1.99903631e+04         -8.83579154e+04          3.02112565e+04
   226        -1.92768066e+04         -8.42849814e+04          3.22181792e+04
   227        -1.88686448e+04         -7.97706011e+04          3.46573766e+04
   228        -1.86469977e+04         -7.69261682e+04          3.60315065e+04
   229        -5.05982409e+04         -1.31124278e+05          7.23903925e+02
   230        -4.92281067e+04         -1.22806999e+05          2.54677372e+03
   231        -4.79908624e+04         -1.16457816e+05          5.37287128e+03
   232        -4.60619011e+04         -1.11723853e+05          8.28630428e+03
   233        -4.36191013e+04         -1.08289055e+05          1.10318589e+04
   234        -4.08672268e+04         -1.05785686e+05          1.34731259e+04
   235        -3.79942446e+04         -1.03871093e+05          1.55767994e+04
   236        -3.51468179e+04         -1.02265733e+05          1.73773339e+04
   237        -3.24253561e+04         -1.00759578e+05          1.89423330e+04
   238        -2.98913340e+04         -9.92018712e+04          2.03483965e+04
   239        -2.75789284e+04         -9.74861793e+04          2.16683636e+04
   240        -2.55058511e+04         -9.55370389e+04          2.29669828e+04
   241        -2.36813048e+04         -9.33003311e+04          2.43016627e+04
   242        -2.21108905e+04         -9.07374507e+04          2.57259993e+04
   243        -2.07990768e+04         -8.78226169e+04          2.72949113e+04
   244        -1.97499817e+04         -8.45425772e+04          2.90709491e+04
   245        -1.89671108e+04         -8.08980444e+04          3.11316653e+04
   246        -1.84525705e+04         -7.69062890e+04          3.35779429e+04
   247        -1.82216993e+04         -7.46232310e+04          3.49448858e+04
   248        -4.80833182e+04         -1.26281617e+05          4.55219492e+02
   249        -4.68581413e+04         -1.18546426e+05          1.94576891e+03
   250        -4.58173397e+04         -1.12459472e+05          4.20641455e+03
   251        -4.41785910e+04         -1.07735110e+05          6.65757380e+03
   252        -4.20711450e+04         -1.04150534e+05          9.08623177e+03
   253        -3.96506525e+04         -1.01431904e+05          1.13579117e+04
   254        -3.70695430e+04         -9.93067294e+04          1.34141711e+04
   255        -3.44570009e+04         -9.75365012e+04          1.52541909e+04
   256        -3.19109636e+04         -9.59290727e+04          1.69124172e+04
   257        -2.94994004e+04         -9.43374634e+04          1.84399823e+04
   258        -2.72664074e+04         -9.26524158e+04          1.98926045e+04
   259        -2.52393820e+04         -9.07938275e+04          2.13244788e+04
   260        -2.34351001e+04         -8.87036961e+04          2.27865490e+04
   261        -2.18638718e+04         -8.63415241e+04          2.43276672e+04
   262        -2.05317663e+04         -8.36822271e+04          2.59976928e+04
   263        -1.94412735e+04         -8.07161941e+04          2.78520739e+04
   264        -1.85908913e+04         -7.74509982e+04          2.99577309e+04
   265        -1.79741378e+04         -7.39141924e+04          3.24001288e+04
   266        -1.77249972e+04         -7.20925877e+04          3.37534236e+04
   267        -4.55607210e+04         -1.21074610e+05          2.28875744e+02
   268        -4.44611249e+04         -1.13906980e+05          1.43523010e+03
   269        -4.35783673e+04         -1.08134342e+05          3.20654614e+03
   270        -4.21789871e+04         -1.03515539e+05          5.23908146e+03
   271        -4.03585879e+04         -9.98892284e+04          7.35605065e+03
   272        -3.82357993e+04         -9.70500598e+04          9.43246282e+03
   273        -3.59325758e+04         -9.47833731e+04          1.13983398e+04
   274        -3.35589878e+04         -9.28905106e+04          1.32302612e+04
   275        -3.12050408e+04         -9.12020460e+04          1.49378574e+04
   276        -2.89389199e+04         -8.95811976e+04          1.65506011e+04
   277        -2.68094170e+04         -8.79214120e+04          1.81076882e+04
   278        -2.48501228e+04         -8.61416822e+04          1.96516595e+04
   279        -2.30835750e+04         -8.41819841e+04          2.12252899e+04
   280        -2.15243552e+04         -8.20001090e+04          2.28709933e+04
   281        -2.01807736e+04         -7.95703707e+04          2.46321576e+04
   282        -1.90552136e+04         -7.68841722e+04          2.65560924e+04
   283        -1.81434466e+04         -7.39521114e+04          2.86984551e+04
   284        -1.74333482e+04         -7.08071360e+04          3.11290749e+04
   285        -1.71610174e+04         -6.93584149e+04          3.24644057e+04
   286        -4.30327689e+04         -1.15548074e+05          3.66216833e+01
   287        -4.20442667e+04         -1.08934718e+05          9.98114644e+02
   288        -4.12905465e+04         -1.03511626e+05          2.34461553e+03
   289        -4.00904333e+04         -9.90688724e+04          4.00095653e+03
   290        -3.85160279e+04         -9.54860374e+04          5.82017334e+03
   291        -3.66582008e+04         -9.26074068e+04          7.68950679e+03
   292        -3.46137099e+04         -9.02644576e+04          9.53563532e+03
   293        -3.24741891e+04         -8.82943526e+04          1.13217447e+04
   294        -3.03190476e+04         -8.65516447e+04          1.30399467e+04
   295        -2.82125392e+04         -8.49134459e+04          1.47024670e+04
   296        -2.62040431e+04         -8.32799353e+04          1.63338554e+04
   297        -2.43301261e+04         -8.15724230e+04          1.79652002e+04
   298        -2.26170601e+04         -7.97308245e+04          1.96304695e+04
   299        -2.10828449e+04         -7.77118173e+04          2.13647533e+04
   300        -1.97382263e+04         -7.54883803e+04          2.32041772e+04
   301        -1.85865883e+04         -7.30509360e+04          2.51873809e+04
   302        -1.76228873e+04         -7.04099405e+04          2.73585524e+04
   303        -1.68319748e+04         -6.75995119e+04          2.97720145e+04
   304        -1.65351426e+04         -6.64471681e+04          3.10868924e+04
   305        -4.05010054e+04         -1.09738149e+05         -1.27586036e+02
   306        -3.96126107e+04         -1.03667254e+05          6.21759627e+02
   307        -3.89658265e+04         -9.86177721e+04          1.59857986e+03
   308        -3.79333634e+04         -9.44031117e+04          2.91859366e+03
   309        -3.65706772e+04         -9.09304947e+04          4.45875549e+03
   310        -3.49477790e+04         -8.80802243e+04          6.11875354e+03
   311        -3.31409909e+04         -8.57199532e+04          7.82652895e+03
   312        -3.12252754e+04         -8.37176197e+04          9.53819883e+03
   313        -2.92685985e+04         -8.19508333e+04          1.12342053e+04
   314        -2.73288551e+04         -8.03121854e+04          1.29137729e+04
   315        -2.54530738e+04         -7.87111610e+04          1.45892800e+04
   316        -2.36781354e+04         -7.70738867e+04          1.62814465e+04
   317        -2.20320987e+04         -7.53420324e+04          1.80156758e+04
   318        -2.05353277e+04         -7.34719902e+04          1.98196177e+04
   319        -1.92008711e+04         -7.14351162e+04          2.17219915e+04
   320        -1.80338607e+04         -6.92194153e+04          2.37527810e+04
   321        -1.70299950e+04         -6.68326426e+04          2.59449619e+04
   322        -1.61733978e+04         -6.43064794e+04          2.83378753e+04
   323        -1.58538302e+04         -6.33867329e+04          2.96313211e+04
   324        -3.79664941e+04         -1.03674680e+05         -2.68241166e+02
   325        -3.71698038e+04         -9.81359305e+04          2.96648780e+02
   326        -3.66130428e+04         -9.34765341e+04          9.51422880e+02
   327        -3.57233563e+04         -8.95284801e+04          1.97198196e+03
   328        -3.45441749e+04         -8.62180395e+04          3.25409690e+03
   329        -3.31296911e+04         -8.34518823e+04          4.70889396e+03
   330        -3.15397812e+04         -8.11258354e+04          6.26792073e+03
   331        -2.98348699e+04         -7.91335802e+04          7.88436773e+03
   332        -2.80717201e+04         -7.73737137e+04          9.53141966e+03
   333        -2.63007006e+04         -7.57544337e+04          1.11989830e+04
   334        -2.45645880e+04         -7.41958891e+04          1.28898437e+04
   335        -2.28985557e+04         -7.26307782e+04          1.46159180e+04
   336        -2.13307545e+04         -7.10040706e+04          1.63949146e+04
   337        -1.98828232e+04         -6.92728019e+04          1.82475732e+04
   338        -1.85697736e+04         -6.74067609e+04          2.01956714e+04
   339        -1.73989449e+04         -6.53905779e+04          2.22611043e+04
   340        -1.63680254e+04         -6.32272964e+04          2.44663834e+04
   341        -1.54624017e+04         -6.09431221e+04          2.68368234e+04
   342        -1.51243809e+04         -6.02054332e+04          2.81090482e+04
   343        -3.54299974e+04         -9.73829276e+04         -3.88699664e+02
   344        -3.47185823e+04         -9.23674478e+04          1.56143395e+01
   345        -3.42389381e+04         -8.81093080e+04          3.90047638e+02
   346        -3.34725929e+04         -8.44562551e+04          1.14507368e+03
   347        -3.24540260e+04         -8.13481079e+04          2.19099426e+03
   348        -3.12252278e+04         -7.87111779e+04          3.44886734e+03
   349        -2.98328247e+04         -7.64632823e+04          4.85483744e+03
   350        -2.83248227e+04         -7.45193203e+04          6.36176442e+03
   351        -2.67476089e+04         -7.27963418e+04          7.93875674e+03
   352        -2.51437209e+04         -7.12173644e+04          9.56938217e+03
   353        -2.35506132e+04         -6.97136428e+04          1.12492072e+04
   354        -2.20003369e+04         -6.82255509e+04          1.29830599e+04
   355        -2.05197594e+04         -6.67026115e+04          1.47821892e+04
   356        -1.91307663e+04         -6.51034736e+04          1.66614297e+04
   357        -1.78498754e+04         -6.33966994e+04          1.86366074e+04
   358        -1.66868768e+04         -6.15630144e+04          2.07226245e+04
   359        -1.56424364e+04         -5.95992329e+04          2.29327752e+04
   360        -1.47049197e+04         -5.75235707e+04          2.52797560e+04
   361        -1.43546577e+04         -5.69309252e+04          2.65318342e+04
   362        -3.28920896e+04         -9.08848897e+04         -4.91436740e+02
   363        -3.22610896e+04         -8.63851522e+04         -2.26675623e+02
   364        -3.18488564e+04         -8.25355813e+04         -9.54802556e+01
   365        -3.11909012e+04         -7.91981505e+04          4.25268175e+02
   366        -3.03147285e+04         -7.63228281e+04          1.25684946e+03
   367        -2.92526572e+04         -7.38509924e+04          2.32864881e+03
   368        -2.80405403e+04         -7.17178120e+04          3.58165030e+03
   369        -2.67158858e+04         -6.98555644e+04          4.96995130e+03
   370        -2.53158054e+04         -6.81971540e+04          6.46080478e+03
   371        -2.38752596e+04         -6.66791133e+04          8.03372840e+03
   372        -2.24259376e+04         -6.52436009e+04          9.67907127e+03
   373        -2.09958723e+04         -6.38392521e+04          1.13961972e+04
   374        -1.96095848e+04         -6.24211470e+04          1.31912505e+04
   375        -1.82882758e+04         -6.09505659e+04          1.50744505e+04
   376        -1.70494391e+04         -5.93954679e+04          1.70570678e+04
   377        -1.59053888e+04         -5.77325603e+04          1.91485892e+04
   378        -1.48605436e+04         -5.59513729e+04          2.13548352e+04
   379        -1.39077308e+04         -5.40600925e+04          2.36777540e+04
   380        -1.35527608e+04         -5.35890076e+04          2.49112813e+04
   381        -3.03532353e+04         -8.42004267e+04         -5.78200891e+02
   382        -2.97990931e+04         -8.02101149e+04         -4.34033949e+02
   383        -2.94472312e+04         -7.67734354e+04         -5.12426312e+02
   384        -2.88865227e+04         -7.37660342e+04         -1.96967117e+02
   385        -2.81386583e+04         -7.11461445e+04          4.41677644e+02
   386        -2.72279808e+04         -6.88672387e+04          1.33973731e+03
   387        -2.61814273e+04         -6.68784574e+04          2.44292956e+03
   388        -2.50276602e+04         -6.51263151e+04          3.70752836e+03
   389        -2.37957036e+04         -6.35571087e+04          5.10046182e+03
   390        -2.25135437e+04         -6.21193164e+04          6.59889256e+03
   391        -2.12071227e+04         -6.07653536e+04          8.18952545e+03
   392        -1.98999816e+04         -5.94523025e+04          9.86762553e+03
   393        -1.86135065e+04         -5.81416168e+04          1.16354971e+04
   394        -1.73673637e+04         -5.67983250e+04          1.35001157e+04
   395        -1.61794166e+04         -5.53907505e+04          1.54698570e+04
   396        -1.50644145e+04         -5.38919372e+04          1.75507874e+04
   397        -1.40311201e+04         -5.22835494e+04          1.97434903e+04
   398        -1.30781155e+04         -5.05621389e+04          2.20415115e+04
   399        -1.27266715e+04         -5.02023714e+04          2.32582377e+04
   400        -2.78138507e+04         -7.73483253e+04         -6.50094177e+02
   401        -2.73341399e+04         -7.38621167e+04         -6.08928533e+02
   402        -2.70379415e+04         -7.08400811e+04         -8.65677291e+02
   403        -2.65666894e+04         -6.81718562e+04         -7.28338499e+02
   404        -2.59367752e+04         -6.58232360e+04         -2.61902362e+02
   405        -2.51656010e+04         -6.37580427e+04          4.75471204e+02
   406        -2.42725257e+04         -6.19370164e+04          1.43404397e+03
   407        -2.32787359e+04         -6.03183943e+04          2.57287358e+03
   408        -2.22063369e+04         -5.88596206e+04          3.85964625e+03
   409        -2.10771530e+04         -5.75194205e+04          5.27041003e+03
   410        -1.99117424e+04         -5.62594908e+04          6.78938831e+03
   411        -1.87290334e+04         -5.50452060e+04          8.40875961e+03
   412        -1.75467224e+04         -5.38450543e+04          1.01279770e+04
   413        -1.63821390e+04         -5.26290855e+04          1.19520122e+04
   414        -1.52527868e+04         -5.13674152e+04          1.38880955e+04
   415        -1.41755593e+04         -5.00303878e+04          1.59412034e+04
   416        -1.31639653e+04         -4.85917822e+04          1.81094218e+04
   417        -1.22234885e+04         -4.70353256e+04          2.03807589e+04
   418        -1.18838783e+04         -4.67892950e+04          2.15821778e+04
   419        -2.52743609e+04         -7.03474249e+04         -7.07594954e+02
   420        -2.48676754e+04         -6.73606233e+04         -7.52545325e+02
   421        -2.46245824e+04         -6.47524273e+04         -1.15786786e+03
   422        -2.42380694e+04         -6.24277058e+04         -1.17283929e+03
   423        -2.37191889e+04         -6.03601299e+04         -8.58648627e+02
   424        -2.30789031e+04         -5.85231003e+04         -2.68738253e+02
   425        -2.23298979e+04         -5.68873743e+04          5.51602692e+02
   426        -2.14869765e+04         -5.54209251e+04          1.56470322e+03
   427        -2.05664087e+04         -5.40903251e+04          2.73984549e+03
   428        -1.95847780e+04         -5.28627861e+04          4.05290705e+03
   429        -1.85578887e+04         -5.17080252e+04          5.48646587e+03
   430        -1.75002587e+04         -5.05991958e+04          7.03024848e+03
   431        -1.64255750e+04         -4.95122727e+04          8.68142151e+03
   432        -1.53480508e+04         -4.84237654e+04          1.04438188e+04
   433        -1.42839024e+04         -4.73076157e+04          1.23251310e+04
   434        -1.32515739e+04         -4.61332956e+04          1.43317913e+04
   435        -1.22694758e+04         -4.48674614e+04          1.64626571e+04
   436        -1.13510230e+04         -4.34802943e+04          1.87036886e+04
   437        -1.10309932e+04         -4.33622511e+04          1.98905589e+04
   438        -2.27352621e+04         -6.32179371e+04         -7.50531814e+02
   439        -2.24011359e+04         -6.07258329e+04         -8.64759506e+02
   440        -2.22106732e+04         -5.85276920e+04         -1.38937434e+03
   441        -2.19071038e+04         -5.65459534e+04         -1.53175121e+03
   442        -2.14955942e+04         -5.47634483e+04         -1.35062585e+03
   443        -2.09807350e+04         -5.31631664e+04         -8.95190389e+02
   444        -2.03690919e+04         -5.17248943e+04         -2.06168542e+02
   445        -1.96699116e+04         -5.04247678e+04          6.82543507e+02
   446        -1.88945575e+04         -4.92366851e+04          1.74256638e+03
   447        -1.80553008e+04         -4.81345641e+04          2.95041529e+03
   448        -1.71640159e+04         -4.70946108e+04          4.28767929e+03
   449        -1.62313459e+04         -4.60967929e+04          5.74196252e+03
   450        -1.52669538e+04         -4.51246272e+04          7.30820135e+03
   451        -1.42812221e+04         -4.41625419e+04          8.98931584e+03
   452        -1.32878820e+04         -4.31910456e+04          1.07945714e+04
   453        -1.23058658e+04         -4.21818157e+04          1.27343998e+04
   454        -1.13582504e+04         -4.10963891e+04          1.48122602e+04
   455        -1.04672818e+04         -3.98913680e+04          1.70163902e+04
   456        -1.01733608e+04         -3.99263357e+04          1.81881404e+04
   457        -2.01972000e+04         -5.59831044e+04         -7.78014305e+02
   458        -1.99360203e+04         -5.39798655e+04         -9.44031063e+02
   459        -1.97997994e+04         -5.21840572e+04         -1.55820991e+03
   460        -1.95802195e+04         -5.05394404e+04         -1.80356790e+03
   461        -1.92755395e+04         -4.90402534e+04         -1.73708804e+03
   462        -1.88837234e+04         -4.76796689e+04         -1.40365076e+03
   463        -1.84055144e+04         -4.64458911e+04         -8.39023869e+02
   464        -1.78451741e+04         -4.53219351e+04         -7.27613285e+01
   465        -1.72098448e+04         -4.42874336e+04          8.69816936e+02
   466        -1.65082644e+04         -4.33212869e+04          1.96666987e+03
   467        -1.57492663e+04         -4.24044430e+04          3.19907835e+03
   468        -1.49404868e+04         -4.15221681e+04          4.55276373e+03
   469        -1.40880179e+04         -4.06648366e+04          6.02004741e+03
   470        -1.31979553e+04         -3.98258352e+04          7.60227166e+03
   471        -1.22800901e+04         -3.89955426e+04          9.31038016e+03
   472        -1.13520831e+04         -3.81526402e+04          1.11608774e+04
   473        -1.04407596e+04         -3.72576489e+04          1.31661668e+04
   474        -9.57786401e+03         -3.62548589e+04          1.53222910e+04
   475        -9.31464566e+03         -3.64773383e+04          1.64762296e+04
   476        -1.76610778e+04         -4.86713842e+04         -7.88328712e+02
   477        -1.74739297e+04         -4.71481444e+04         -9.87249812e+02
   478        -1.73956591e+04         -4.57413424e+04         -1.65988238e+03
   479        -1.72638478e+04         -4.44216904e+04         -1.98391321e+03
   480        -1.70684101e+04         -4.31979972e+04         -2.01435537e+03
   481        -1.68002778e+04         -4.20744892e+04         -1.79105609e+03
   482        -1.64545508e+04         -4.10472583e+04         -1.34416957e+03
   483        -1.60308439e+04         -4.01050555e+04         -6.98337288e+02
   484        -1.55323972e+04         -3.92318838e+04          1.24841456e+02
   485        -1.49647977e+04         -3.84101047e+04          1.10562645e+03
   486        -1.43345049e+04         -3.76236327e+04          2.22590702e+03
   487        -1.36472152e+04         -3.68610064e+04          3.47005370e+03
   488        -1.29065657e+04         -3.61176596e+04          4.82732565e+03
   489        -1.21146144e+04         -3.53956867e+04          6.29591122e+03
   490        -1.12757879e+04         -3.46984007e+04          7.88684110e+03
   491        -1.04038041e+04         -3.40182381e+04          9.62334358e+03
   492        -9.52711185e+03         -3.33223605e+04          1.15312262e+04
   493        -8.68706658e+03         -3.25468161e+04          1.36215955e+04
   494        -8.45636139e+03         -3.29991022e+04          1.47517819e+04
   495        -1.51282106e+04         -4.13193955e+04         -7.78817159e+02
   496        -1.50165431e+04         -4.02609616e+04         -9.89591540e+02
   497        -1.50019171e+04         -3.92216130e+04         -1.68734430e+03
   498        -1.49640701e+04         -3.82071199e+04         -2.06560750e+03
   499        -1.48828848e+04         -3.72446518e+04         -2.17578104e+03
   500        -1.47419970e+04         -3.63500476e+04         -2.05116995e+03
   501        -1.45311365e+04         -3.55264133e+04         -1.71551082e+03
   502        -1.42454134e+04         -3.47670537e+04         -1.18815894e+03
   503        -1.38839825e+04         -3.40592399e+04         -4.86567149e+02
   504        -1.34489430e+04         -3.33876857e+04          3.72636038e+02
   505        -1.29443221e+04         -3.27378323e+04          1.37319090e+03
   506        -1.23746295e+04         -3.20993305e+04          2.49938850e+03
   507        -1.17427724e+04         -3.14697425e+04          3.73773602e+03
   508        -1.10484338e+04         -3.08572475e+04          5.08144585e+03
   509        -1.02902092e+04         -3.02788545e+04          6.53786823e+03
   510        -9.47442028e+03         -2.97483801e+04          8.13443795e+03
   511        -8.62695962e+03         -2.92526891e+04          9.91352338e+03
   512        -7.79754893e+03         -2.87299252e+04          1.19107155e+04
   513        -7.59725658e+03         -2.94595122e+04          1.30062378e+04
   514        -1.26005778e+04         -3.39759379e+04         -7.45818702e+02
   515        -1.25654334e+04         -3.33550453e+04         -9.44532576e+02
   516        -1.26216282e+04         -3.26495136e+04         -1.63134535e+03
   517        -1.26855049e+04         -3.19112958e+04         -2.03916922e+03
   518        -1.27253782e+04         -3.11892428e+04         -2.21196424e+03
   519        -1.27179900e+04         -3.05099728e+04         -2.17418523e+03
   520        -1.26483025e+04         -2.98818339e+04         -1.94255712e+03
   521        -1.25068874e+04         -2.93013357e+04         -1.53129970e+03
   522        -1.22880165e+04         -2.87582170e+04         -9.53804601e+02
   523        -1.19889808e+04         -2.82390493e+04         -2.23095668e+02
   524        -1.16099906e+04         -2.77301418e+04          6.47772622e+02
   525        -1.11537578e+04         -2.72207216e+04          1.64516820e+03
   526        -1.06237553e+04         -2.67072383e+04          2.75492775e+03
   527        -1.00207143e+04         -2.61988466e+04          3.96508158e+03
   528        -9.33993097e+03         -2.57216671e+04          5.27442329e+03
   529        -8.57752170e+03         -2.53145209e+04          6.70675050e+03
   530        -7.74967213e+03         -2.50024920e+04          8.31890628e+03
   531        -6.90998316e+03         -2.47493626e+04          1.01817166e+04
   532        -6.73233351e+03         -2.58037300e+04          1.12238816e+04
   533        -1.00810627e+04         -2.67073426e+04         -6.84794734e+02
   534        -1.01214146e+04         -2.64744179e+04         -8.44547699e+02
   535        -1.02556365e+04         -2.60520438e+04         -1.48182903e+03
   536        -1.04285210e+04         -2.55515682e+04         -1.89426853e+03
   537        -1.05965621e+04         -2.50433863e+04         -2.11129115e+03
   538        -1.07313290e+04         -2.45608023e+04         -2.14613929e+03
   539        -1.08140691e+04         -2.41145409e+04         -2.00879810e+03
   540        -1.08303760e+04         -2.37028380e+04         -1.70936984e+03
   541        -1.07681712e+04         -2.33174507e+04         -1.25797909e+03
   542        -1.06176764e+04         -2.29469829e+04         -6.64190054e+02
   543        -1.03723619e+04         -2.25789910e+04          6.30373437e+01
   544        -1.00300578e+04         -2.22021643e+04          9.14526253e+02
   545        -9.59315403e+03         -2.18099220e+04          1.87939613e+03
   546        -9.06606299e+03         -2.14068479e+04          2.94433596e+03
   547        -8.44833362e+03         -2.10182929e+04          4.09802723e+03
   548        -7.72914340e+03         -2.06986846e+04          5.34870065e+03
   549        -6.90527485e+03         -2.05237380e+04          6.75287227e+03
   550        -6.02273330e+03         -2.05285140e+04          8.42158750e+03
   551        -5.85115861e+03         -2.19417506e+04          9.37945548e+03
   552        -7.57443509e+03         -1.96042746e+04         -5.91979523e+02
   553        -7.68252018e+03         -1.96685612e+04         -6.83509307e+02
   554        -7.89804715e+03         -1.94576946e+04         -1.23220507e+03
   555        -8.18279201e+03         -1.91499755e+04         -1.62238851e+03
   556        -8.48410499e+03         -1.88248426e+04         -1.86034692e+03
   557        -8.77265453e+03         -1.85152310e+04         -1.94752269e+03
   558        -9.02612945e+03         -1.82307696e+04         -1.88914340e+03
   559        -9.22365336e+03         -1.79701724e+04         -1.69301784e+03
   560        -9.34467543e+03         -1.77271481e+04         -1.36731065e+03
   561        -9.36971979e+03         -1.74929620e+04         -9.18947299e+02
   562        -9.28189752e+03         -1.72575815e+04         -3.52985762e+02
   563        -9.06891080e+03         -1.70105994e+04          3.26960028e+02
   564        -8.72539037e+03         -1.67431611e+04          1.11699526e+03
   565        -8.25446718e+03         -1.64528410e+04          2.00980831e+03
   566        -7.66482657e+03         -1.61544586e+04          2.99192908e+03
   567        -6.95670943e+03         -1.58984084e+04          4.05068937e+03
   568        -6.10888752e+03         -1.57882359e+04          5.21405080e+03
   569        -5.13249336e+03         -1.59720118e+04          6.61085806e+03
   570        -4.93287488e+03         -1.77229584e+04          7.43385306e+03
   571        -5.08209476e+03         -1.27831728e+04         -4.68085754e+02
   572        -5.23583638e+03         -1.29812109e+04         -4.68063184e+02
   573        -5.52474638e+03         -1.29031867e+04         -8.87070703e+02
   574        -5.91079581e+03         -1.27411121e+04         -1.21917366e+03
   575        -6.34929117e+03         -1.25641691e+04         -1.44185788e+03
   576        -6.81024847e+03         -1.23969952e+04         -1.54945253e+03
   577        -7.26439750e+03         -1.22455463e+04         -1.54557634e+03
   578        -7.68087790e+03         -1.21085780e+04         -1.43739520e+03
   579        -8.02808235e+03         -1.19819612e+04         -1.23201322e+03
   580        -8.27491799e+03         -1.18601824e+04         -9.34614289e+02
   581        -8.39184288e+03         -1.17367184e+04         -5.47599027e+02
   582        -8.35204898e+03         -1.16040501e+04         -7.03704070e+01
   583        -8.13353178e+03         -1.14539772e+04          5.00051047e+02
   584        -7.72291424e+03         -1.12796034e+04          1.16673011e+03
   585        -7.12090344e+03         -1.10824460e+04          1.92742200e+03
   586        -6.34337045e+03         -1.08921112e+04          2.76661711e+03
   587        -5.39574122e+03         -1.08036758e+04          3.66506528e+03
   588        -4.24338765e+03         -1.10128384e+04          4.70622084e+03
   589        -3.94306148e+03         -1.28904849e+04          5.32759450e+03
   590        -2.60367401e+03         -6.32466826e+03         -3.64203972e+02
   591        -2.73829938e+03         -6.46949882e+03         -2.31539549e+02
   592        -3.04599511e+03         -6.45315828e+03         -4.68876132e+02
   593        -3.51558082e+03         -6.38718249e+03         -6.77685943e+02
   594        -4.10663276e+03         -6.31385927e+03         -8.24802851e+02
   595        -4.77778938e+03         -6.24584381e+03         -9.04341083e+02
   596        -5.48321004e+03         -6.18564873e+03         -9.19687634e+02
   597        -6.17625450e+03         -6.13239454e+03         -8.76464726e+02
   598        -6.81205172e+03         -6.08405934e+03         -7.79659373e+02
   599        -7.34797318e+03         -6.03809555e+03         -6.32512825e+02
   600        -7.74299306e+03         -5.99144331e+03         -4.35976435e+02
   601        -7.95657948e+03         -5.94026065e+03         -1.88285935e+02
   602        -7.94763156e+03         -5.87950849e+03          1.15436795e+02
   603        -7.67435873e+03         -5.80276098e+03          4.83218990e+02
   604        -7.09722741e+03         -5.70393322e+03          9.24472374e+02
   605        -6.18941479e+03         -5.58729786e+03          1.44246720e+03
   606        -4.95423932e+03         -5.50768151e+03          2.01242234e+03
   607        -3.40073381e+03         -5.65835140e+03          2.58681492e+03
   608        -2.79283738e+03         -7.06998100e+03          2.90196871e+03
   609        -4.05557516e+02         -2.95409089e+03         -3.21590710e+02
   610        -4.93621732e+02         -3.02639934e+03         -8.31521318e+01
   611        -7.84591929e+02         -3.01923017e+03         -1.79594851e+02
   612        -1.35686444e+03         -2.99488545e+03         -2.74871902e+02
   613        -2.16939381e+03         -2.98119450e+03         -3.49383166e+02
   614        -3.13997901e+03         -2.98077517e+03         -3.99993547e+02
   615        -4.19028528e+03         -2.99244623e+03         -4.29168240e+02
   616        -5.25315433e+03         -3.01485928e+03         -4.39888911e+02
   617        -6.27111237e+03         -3.04699910e+03         -4.34354193e+02
   618        -7.19341554e+03         -3.08801941e+03         -4.13584799e+02
   619        -7.97293172e+03         -3.13694977e+03         -3.77172697e+02
   620        -8.56279801e+03         -3.19226811e+03         -3.22868580e+02
   621        -8.91234987e+03         -3.25114808e+03         -2.45763687e+02
   622        -8.96140545e+03         -3.30797070e+03         -1.36699985e+02
   623        -8.63144501e+03         -3.35146755e+03          2.06491257e+01
   624        -7.81181172e+03         -3.36067450e+03          2.53898556e+02
   625        -6.34591380e+03         -3.31056363e+03          6.02423101e+02
   626        -4.01890258e+03         -3.27193923e+03          1.05122691e+03
   627        -2.76980501e+03         -4.07724927e+03          1.31456282e+03
