##                                                 
/DEADLOAD/                                         
     1        0.000        0.000        1.118      
     2        0.000        0.000        3.566      
     3        0.000        0.000        1.963      
     4        0.000        0.000        1.765      
     5        0.000        0.000        1.831      
     6        0.000        0.000        1.727      
     7        0.000        0.000        1.134      
     8        0.000        0.000        1.823      
     9        0.000        0.000        1.822      
    10        0.000        0.000        1.822      
    11        0.000        0.000        1.822      
    12        0.000        0.000        4.121      
    13        0.000        0.000        1.952      
    14        0.000        0.000        1.858      
    15        0.000        0.000        1.823      
    16        0.000        0.000        1.822      
    17        0.000        0.000        1.822      
    18        0.000        0.000        4.121      
    19        0.000        0.000        1.952      
    20        0.000        0.000        1.858      
    21        0.000        0.000        1.823      
    22        0.000        0.000        1.822      
    23        0.000        0.000        1.822      
    24        0.000        0.000        4.121      
    25        0.000        0.000        1.952      
    26        0.000        0.000        1.858      
    27        0.000        0.000        4.121      
    28        0.000        0.000        1.952      
    29        0.000        0.000        1.858      
    30        0.000        0.000        4.121      
    31        0.000        0.000        1.952      
    32        0.000        0.000        1.858      
    33        0.000        0.000        4.121      
    34        0.000        0.000        1.952      
    35        0.000        0.000        1.858      
    36        0.000        0.000        1.823      
    37        0.000        0.000        1.822      
    38        0.000        0.000        1.822      
    39        0.000        0.000        1.822      
    40        0.000        0.000        1.823      
    41        0.000        0.000        1.823      
    42        0.000        0.000        3.763      
    43        0.000        0.000        1.671      
    44        0.000        0.000        3.763      
    45        0.000        0.000        1.671      
    46        0.000        0.000        3.763      
    47        0.000        0.000        1.822      
    48        0.000        0.000        1.822      
    49        0.000        0.000        1.822      
    50        0.000        0.000        1.822      
    51        0.000        0.000        1.822      
    52        0.000        0.000        1.822      
    53        0.000        0.000        1.822      
    54        0.000        0.000        1.822      
    55        0.000        0.000        1.822      
    56        0.000        0.000        1.822      
    57        0.000        0.000        1.822      
    58        0.000        0.000        1.822      
    59        0.000        0.000        1.823      
    60        0.000        0.000        1.823      
    61        0.000        0.000        1.823      
    62        0.000        0.000        1.823      
    63        0.000        0.000        1.831      
    64        0.000        0.000        1.727      
    65        0.000        0.000        1.831      
    66        0.000        0.000        1.727      
    67        0.000        0.000        1.831      
    68        0.000        0.000        1.727      
    69        0.000        0.000        1.831      
    70        0.000        0.000        1.727      
    71        0.000        0.000        1.679      
    72        0.000        0.000        1.823      
    73        0.000        0.000        1.671      
    74        0.000        0.000        1.822      
    75        0.000        0.000        1.823      
    76        0.000        0.000        1.823      
    77        0.000        0.000        1.822      
    78        0.000        0.000        1.823      
    79        0.000        0.000        1.823      
    80        0.000        0.000        1.822      
    81        0.000        0.000        1.823      
    82        0.000        0.000        1.822      
    83        0.000        0.000        1.822      
    84        0.000        0.000        1.823      
    85        0.000        0.000        1.823      
    86        0.000        0.000        1.823      
    87        0.000        0.000        1.823      
    88        0.000        0.000        1.823      
    89        0.000        0.000        1.822      
    90        0.000        0.000        1.823      
    91        0.000        0.000        1.671      
    92        0.000        0.000        1.822      
    93        0.000        0.000        1.671      
    94        0.000        0.000        1.823      
    95        0.000        0.000        1.823      
    96        0.000        0.000        1.823      
    97        0.000        0.000        1.823      
    98        0.000        0.000        1.823      
    99        0.000        0.000        1.823      
   100        0.000        0.000        1.823      
   101        0.000        0.000        1.823      
   102        0.000        0.000        1.823      
   103        0.000        0.000        1.823      
   104        0.000        0.000        1.822      
   105        0.000        0.000        1.822      
   106        0.000        0.000        1.823      
   107        0.000        0.000        1.823      
   108        0.000        0.000        1.822      
   109        0.000        0.000        1.822      
   110        0.000        0.000        1.831      
   111        0.000        0.000        1.727      
   112        0.000        0.000        1.831      
   113        0.000        0.000        1.727      
   114        0.000        0.000        1.134      
   115        0.000        0.000        1.134      
   116        0.000        0.000        1.858      
   117        0.000        0.000        1.706      
   118        0.000        0.000        1.952      
   119        0.000        0.000        4.121      
   120        0.000        0.000        0.707      
   121        0.000        0.000        1.134      
   122        0.000        0.000        1.134      
   123        0.000        0.000        1.134      
   124        0.000        0.000        1.134      
   125        0.000        0.000        0.971      
   126        0.000        0.000        0.646      
   127        0.000        0.000        3.256      
   128        0.000        0.000        3.763      
   129        0.000        0.000        3.763      
   130        0.000        0.000        3.763      
   131        0.000        0.000        1.671      
   132        0.000        0.000        3.763      
   133        0.000        0.000        1.671      
   134        0.000        0.000        1.822      
   135        0.000        0.000        1.823      
   136        0.000        0.000        1.823      
   137        0.000        0.000        1.822      
   138        0.000        0.000        1.822      
   139        0.000        0.000        1.822      
   140        0.000        0.000        1.822      
   141        0.000        0.000        1.822      
   142        0.000        0.000        1.822      
   143        0.000        0.000        1.823      
   144        0.000        0.000        1.671      
   145        0.000        0.000        3.763      
   146        0.000        0.000        1.671      
   147        0.000        0.000        3.135      
   148        0.000        0.000        3.161      
   149        0.000        0.000        1.671      
   150        0.000        0.000        3.369      
   151        0.000        0.000        3.369      
   152        0.000        0.000        3.763      
   153        0.000        0.000        3.369      
   154        0.000        0.000        3.369      
   155        0.000        0.000        3.763      
   156        0.000        0.000        3.599      
   157        0.000        0.000        1.200      
   158        0.000        0.000        3.463      
   159        0.000        0.000        1.671      
   160        0.000        0.000        1.671      
   161        0.000        0.000        1.671      
   162        0.000        0.000        1.823      
   163        0.000        0.000        1.823      
   164        0.000        0.000        1.822      
   165        0.000        0.000        1.822      
   166        0.000        0.000        1.822      
   167        0.000        0.000        1.822      
   168        0.000        0.000        1.671      
   169        0.000        0.000        1.822      
   170        0.000        0.000        1.823      
   171        0.000        0.000        1.823      
   172        0.000        0.000        1.823      
   173        0.000        0.000        1.822      
   174        0.000        0.000        1.823      
   175        0.000        0.000        1.823      
   176        0.000        0.000        1.822      
   177        0.000        0.000        1.823      
   178        0.000        0.000        1.823      
   179        0.000        0.000        1.822      
   180        0.000        0.000        1.822      
   181        0.000        0.000        1.822      
   182        0.000        0.000        1.822      
   183        0.000        0.000        1.822      
   185        0.000        0.000       10.800      
   188        0.000        0.000       10.800      
   193        0.000        0.000       10.800      
   196        0.000        0.000       10.800      
   198        0.000        0.000       10.800      
   202        0.000        0.000       10.800      
   205        0.000        0.000       10.800      
   207        0.000        0.000       10.800      
   209        0.000        0.000       10.800      
   211        0.000        0.000       10.800      
   215        0.000        0.000       10.800      
   220        0.000        0.000        6.615      
   221        0.000        0.000        6.615      
   223        0.000        0.000       10.800      
   226        0.000        0.000       10.800      
   230        0.000        0.000       10.800      
   233        0.000        0.000       10.800      
   235        0.000        0.000       10.800      
   239        0.000        0.000        6.615      
   242        0.000        0.000       10.800      
   243        0.000        0.000        7.429      
   244        0.000        0.000        6.615      
   245        0.000        0.000        2.700      
   246        0.000        0.000        6.615      
   247        0.000        0.000        6.615      
   249        0.000        0.000        8.100      
   254        0.000        0.000        7.138      
   255        0.000        0.000        6.615      
   257        0.000        0.000        2.700      
   260        0.000        0.000        6.615      
   261        0.000        0.000        6.615      
   262        0.000        0.000        6.615      
   264        0.000        0.000        8.100      
   265        0.000        0.000        6.615      
   268        0.000        0.000       10.800      
   271        0.000        0.000       10.800      
   274        0.000        0.000       10.800      
   276        0.000        0.000       10.800      
   278        0.000        0.000       10.800      
   280        0.000        0.000       10.800      
   283        0.000        0.000        8.100      
   285        0.000        0.000        2.700      
   290        0.000        0.000       10.800      
   292        0.000        0.000       10.800      
   293        0.000        0.000       10.800      
   297        0.000        0.000        6.900      
   298        0.000        0.000        6.900      
   299        0.000        0.000        4.099      
   301        0.000        0.000        6.900      
   304        0.000        0.000       10.800      
   306        0.000        0.000        6.721      
   307        0.000        0.000        2.700      
   308        0.000        0.000        6.615      
   312        0.000        0.000        8.100      
   315        0.000        0.000        6.615      
   316        0.000        0.000        6.615      
   317        0.000        0.000        6.615      
   318        0.000        0.000        6.615      
   323        0.000        0.000       10.800      
   326        0.000        0.000       10.800      
   329        0.000        0.000        6.615      
   332        0.000        0.000        6.900      
   335        0.000        0.000        6.900      
   337        0.000        0.000        6.615      
   338        0.000        0.000        6.600      
   339        0.000        0.000        1.434      
   340        0.000        0.000        4.658      
   341        0.000        0.000        6.615      
   343        0.000        0.000       10.800      
   345        0.000        0.000       10.800      
   348        0.000        0.000       10.800      
   351        0.000        0.000        2.700      
   352        0.000        0.000        4.220      
   355        0.000        0.000        2.700      
   357        0.000        0.000       10.800      
   360        0.000        0.000        6.900      
   361        0.000        0.000        6.900      
   363        0.000        0.000        6.900      
   364        0.000        0.000        6.721      
   365        0.000        0.000        1.696      
   366        0.000        0.000        5.200      
   367        0.000        0.000        2.497      
   368        0.000        0.000        5.200      
   369        0.000        0.000        2.497      
   370        0.000        0.000        5.200      
   371        0.000        0.000        2.497      
   372        0.000        0.000        5.200      
   373        0.000        0.000        2.497      
   374        0.000        0.000        5.200      
   375        0.000        0.000        2.497      
   376        0.000        0.000        5.200      
   377        0.000        0.000        2.497      
   378        0.000        0.000        5.200      
   379        0.000        0.000        2.497      
   380        0.000        0.000        5.200      
   381        0.000        0.000        1.823      
   382        0.000        0.000        5.200      
   383        0.000        0.000        1.823      
   384        0.000        0.000        5.200      
   385        0.000        0.000        5.200      
   386        0.000        0.000        5.200      
   387        0.000        0.000        5.200      
   388        0.000        0.000        5.200      
   389        0.000        0.000        5.200      
   390        0.000        0.000        5.200      
   391        0.000        0.000        5.200      
   392        0.000        0.000        5.200      
   393        0.000        0.000        1.823      
   394        0.000        0.000        2.430      
   395        0.000        0.000        5.200      
   396        0.000        0.000        5.200      
   397        0.000        0.000        5.200      
   398        0.000        0.000        5.200      
   399        0.000        0.000        5.200      
   400        0.000        0.000        5.200      
   401        0.000        0.000        5.200      
   402        0.000        0.000        5.200      
   403        0.000        0.000        5.200      
   404        0.000        0.000        2.992      
   405        0.000        0.000        1.822      
   406        0.000        0.000        1.822      
   407        0.000        0.000        1.823      
   408        0.000        0.000        1.822      
   409        0.000        0.000        1.822      
   410        0.000        0.000        1.823      
   411        0.000        0.000        5.200      
   412        0.000        0.000        1.823      
   413        0.000        0.000        1.822      
   414        0.000        0.000        1.823      
   415        0.000        0.000        1.822      
   416        0.000        0.000        1.822      
   417        0.000        0.000        1.237      
   418        0.000        0.000        0.788      
   419        0.000        0.000        0.788      
   420        0.000        0.000        0.994      
##                                                 
/LIVELOAD/                                         
  1      1        0.000        0.000        1.118  
  1      2        0.000        0.000        1.249  
  1      3        0.000        0.000        1.963  
  1      4        0.000        0.000        1.765  
  1      5        0.000        0.000        1.831  
  1      6        0.000        0.000        1.727  
  1      7        0.000        0.000        1.134  
  1      8        0.000        0.000        1.823  
  1      9        0.000        0.000        1.822  
  1     10        0.000        0.000        1.822  
  1     11        0.000        0.000        1.822  
  1     12        0.000        0.000        1.421  
  1     13        0.000        0.000        1.952  
  1     14        0.000        0.000        1.858  
  1     15        0.000        0.000        1.823  
  1     16        0.000        0.000        1.822  
  1     17        0.000        0.000        1.822  
  1     18        0.000        0.000        1.421  
  1     19        0.000        0.000        1.952  
  1     20        0.000        0.000        1.858  
  1     21        0.000        0.000        1.823  
  1     22        0.000        0.000        1.822  
  1     23        0.000        0.000        1.822  
  1     24        0.000        0.000        1.421  
  1     25        0.000        0.000        1.952  
  1     26        0.000        0.000        1.858  
  1     27        0.000        0.000        1.421  
  1     28        0.000        0.000        1.952  
  1     29        0.000        0.000        1.858  
  1     30        0.000        0.000        1.421  
  1     31        0.000        0.000        1.952  
  1     32        0.000        0.000        1.858  
  1     33        0.000        0.000        1.421  
  1     34        0.000        0.000        1.952  
  1     35        0.000        0.000        1.858  
  1     36        0.000        0.000        1.823  
  1     37        0.000        0.000        1.822  
  1     38        0.000        0.000        1.822  
  1     39        0.000        0.000        1.822  
  1     40        0.000        0.000        1.823  
  1     41        0.000        0.000        1.823  
  1     42        0.000        0.000        1.063  
  1     43        0.000        0.000        1.671  
  1     44        0.000        0.000        1.063  
  1     45        0.000        0.000        1.671  
  1     46        0.000        0.000        1.063  
  1     47        0.000        0.000        1.822  
  1     48        0.000        0.000        1.822  
  1     49        0.000        0.000        1.822  
  1     50        0.000        0.000        1.822  
  1     51        0.000        0.000        1.822  
  1     52        0.000        0.000        1.822  
  1     53        0.000        0.000        1.822  
  1     54        0.000        0.000        1.822  
  1     55        0.000        0.000        1.822  
  1     56        0.000        0.000        1.822  
  1     57        0.000        0.000        1.822  
  1     58        0.000        0.000        1.822  
  1     59        0.000        0.000        1.823  
  1     60        0.000        0.000        1.823  
  1     61        0.000        0.000        1.823  
  1     62        0.000        0.000        1.823  
  1     63        0.000        0.000        1.831  
  1     64        0.000        0.000        1.727  
  1     65        0.000        0.000        1.831  
  1     66        0.000        0.000        1.727  
  1     67        0.000        0.000        1.831  
  1     68        0.000        0.000        1.727  
  1     69        0.000        0.000        1.831  
  1     70        0.000        0.000        1.727  
  1     71        0.000        0.000        1.679  
  1     72        0.000        0.000        1.823  
  1     73        0.000        0.000        1.671  
  1     74        0.000        0.000        1.822  
  1     75        0.000        0.000        1.823  
  1     76        0.000        0.000        1.823  
  1     77        0.000        0.000        1.822  
  1     78        0.000        0.000        1.823  
  1     79        0.000        0.000        1.823  
  1     80        0.000        0.000        1.822  
  1     81        0.000        0.000        1.823  
  1     82        0.000        0.000        1.822  
  1     83        0.000        0.000        1.822  
  1     84        0.000        0.000        1.823  
  1     85        0.000        0.000        1.823  
  1     86        0.000        0.000        1.823  
  1     87        0.000        0.000        1.823  
  1     88        0.000        0.000        1.823  
  1     89        0.000        0.000        1.822  
  1     90        0.000        0.000        1.823  
  1     91        0.000        0.000        1.671  
  1     92        0.000        0.000        1.822  
  1     93        0.000        0.000        1.671  
  1     94        0.000        0.000        1.823  
  1     95        0.000        0.000        1.823  
  1     96        0.000        0.000        1.823  
  1     97        0.000        0.000        1.823  
  1     98        0.000        0.000        1.823  
  1     99        0.000        0.000        1.823  
  1    100        0.000        0.000        1.823  
  1    101        0.000        0.000        1.823  
  1    102        0.000        0.000        1.823  
  1    103        0.000        0.000        1.823  
  1    104        0.000        0.000        1.822  
  1    105        0.000        0.000        1.822  
  1    106        0.000        0.000        1.823  
  1    107        0.000        0.000        1.823  
  1    108        0.000        0.000        1.822  
  1    109        0.000        0.000        1.822  
  1    110        0.000        0.000        1.831  
  1    111        0.000        0.000        1.727  
  1    112        0.000        0.000        1.831  
  1    113        0.000        0.000        1.727  
  1    114        0.000        0.000        1.134  
  1    115        0.000        0.000        1.134  
  1    116        0.000        0.000        1.858  
  1    117        0.000        0.000        1.706  
  1    118        0.000        0.000        1.952  
  1    119        0.000        0.000        1.421  
  1    120        0.000        0.000        0.224  
  1    121        0.000        0.000        1.134  
  1    122        0.000        0.000        1.134  
  1    123        0.000        0.000        1.134  
  1    124        0.000        0.000        1.134  
  1    125        0.000        0.000        0.971  
  1    126        0.000        0.000        0.163  
  1    127        0.000        0.000        0.939  
  1    128        0.000        0.000        1.063  
  1    129        0.000        0.000        1.063  
  1    130        0.000        0.000        1.063  
  1    131        0.000        0.000        1.671  
  1    132        0.000        0.000        1.063  
  1    133        0.000        0.000        1.671  
  1    134        0.000        0.000        1.822  
  1    135        0.000        0.000        1.823  
  1    136        0.000        0.000        1.823  
  1    137        0.000        0.000        1.822  
  1    138        0.000        0.000        1.822  
  1    139        0.000        0.000        1.822  
  1    140        0.000        0.000        1.822  
  1    141        0.000        0.000        1.822  
  1    142        0.000        0.000        1.822  
  1    143        0.000        0.000        1.823  
  1    144        0.000        0.000        1.671  
  1    145        0.000        0.000        1.063  
  1    146        0.000        0.000        1.671  
  1    147        0.000        0.000        0.911  
  1    148        0.000        0.000        0.911  
  1    149        0.000        0.000        1.671  
  1    150        0.000        0.000        0.911  
  1    151        0.000        0.000        0.911  
  1    152        0.000        0.000        1.063  
  1    153        0.000        0.000        0.911  
  1    154        0.000        0.000        0.911  
  1    155        0.000        0.000        1.063  
  1    156        0.000        0.000        1.052  
  1    157        0.000        0.000        0.208  
  1    158        0.000        0.000        1.213  
  1    159        0.000        0.000        1.671  
  1    160        0.000        0.000        1.671  
  1    161        0.000        0.000        1.671  
  1    162        0.000        0.000        1.823  
  1    163        0.000        0.000        1.823  
  1    164        0.000        0.000        1.822  
  1    165        0.000        0.000        1.822  
  1    166        0.000        0.000        1.822  
  1    167        0.000        0.000        1.822  
  1    168        0.000        0.000        1.671  
  1    169        0.000        0.000        1.822  
  1    170        0.000        0.000        1.823  
  1    171        0.000        0.000        1.823  
  1    172        0.000        0.000        1.823  
  1    173        0.000        0.000        1.822  
  1    174        0.000        0.000        1.823  
  1    175        0.000        0.000        1.823  
  1    176        0.000        0.000        1.822  
  1    177        0.000        0.000        1.823  
  1    178        0.000        0.000        1.823  
  1    179        0.000        0.000        1.822  
  1    180        0.000        0.000        1.822  
  1    181        0.000        0.000        1.822  
  1    182        0.000        0.000        1.822  
  1    183        0.000        0.000        1.822  
  1    185        0.000        0.000       10.800  
  1    188        0.000        0.000       10.800  
  1    193        0.000        0.000       10.800  
  1    196        0.000        0.000       10.800  
  1    198        0.000        0.000       10.800  
  1    202        0.000        0.000       10.800  
  1    205        0.000        0.000       10.800  
  1    207        0.000        0.000       10.800  
  1    209        0.000        0.000       10.800  
  1    211        0.000        0.000       10.800  
  1    215        0.000        0.000       10.800  
  1    220        0.000        0.000        6.600  
  1    221        0.000        0.000        6.600  
  1    223        0.000        0.000       10.800  
  1    226        0.000        0.000       10.800  
  1    230        0.000        0.000       10.800  
  1    233        0.000        0.000       10.800  
  1    235        0.000        0.000       10.800  
  1    239        0.000        0.000        6.600  
  1    242        0.000        0.000       10.800  
  1    243        0.000        0.000        6.600  
  1    244        0.000        0.000        6.600  
  1    245        0.000        0.000        2.700  
  1    246        0.000        0.000        6.600  
  1    247        0.000        0.000        6.600  
  1    249        0.000        0.000        8.100  
  1    254        0.000        0.000        6.600  
  1    255        0.000        0.000        6.600  
  1    257        0.000        0.000        2.700  
  1    260        0.000        0.000        6.600  
  1    261        0.000        0.000        6.600  
  1    262        0.000        0.000        6.600  
  1    264        0.000        0.000        8.100  
  1    265        0.000        0.000        6.600  
  1    268        0.000        0.000       10.800  
  1    271        0.000        0.000       10.800  
  1    274        0.000        0.000       10.800  
  1    276        0.000        0.000       10.800  
  1    278        0.000        0.000       10.800  
  1    280        0.000        0.000       10.800  
  1    283        0.000        0.000        8.100  
  1    285        0.000        0.000        2.700  
  1    290        0.000        0.000       10.800  
  1    292        0.000        0.000       10.800  
  1    293        0.000        0.000       10.800  
  1    297        0.000        0.000        6.900  
  1    298        0.000        0.000        6.900  
  1    299        0.000        0.000        2.400  
  1    301        0.000        0.000        6.900  
  1    304        0.000        0.000       10.800  
  1    306        0.000        0.000        6.600  
  1    307        0.000        0.000        2.700  
  1    308        0.000        0.000        6.600  
  1    312        0.000        0.000        8.100  
  1    315        0.000        0.000        6.600  
  1    316        0.000        0.000        6.600  
  1    317        0.000        0.000        6.600  
  1    318        0.000        0.000        6.600  
  1    323        0.000        0.000       10.800  
  1    326        0.000        0.000       10.800  
  1    329        0.000        0.000        6.600  
  1    332        0.000        0.000        6.900  
  1    335        0.000        0.000        6.900  
  1    337        0.000        0.000        6.600  
  1    338        0.000        0.000        6.600  
  1    339        0.000        0.000        6.600  
  1    340        0.000        0.000        6.600  
  1    341        0.000        0.000        6.600  
  1    343        0.000        0.000       10.800  
  1    345        0.000        0.000       10.800  
  1    348        0.000        0.000       10.800  
  1    351        0.000        0.000        2.700  
  1    352        0.000        0.000        2.400  
  1    355        0.000        0.000        2.700  
  1    357        0.000        0.000       10.800  
  1    360        0.000        0.000        6.900  
  1    361        0.000        0.000        6.900  
  1    363        0.000        0.000        6.900  
  1    364        0.000        0.000        6.600  
  1    365        0.000        0.000        1.696  
  1    366        0.000        0.000        2.528  
  1    367        0.000        0.000        2.497  
  1    368        0.000        0.000        2.497  
  1    369        0.000        0.000        2.497  
  1    370        0.000        0.000        2.497  
  1    371        0.000        0.000        2.497  
  1    372        0.000        0.000        2.497  
  1    373        0.000        0.000        2.497  
  1    374        0.000        0.000        2.497  
  1    375        0.000        0.000        2.497  
  1    376        0.000        0.000        2.497  
  1    377        0.000        0.000        2.497  
  1    378        0.000        0.000        2.497  
  1    379        0.000        0.000        2.497  
  1    380        0.000        0.000        1.823  
  1    381        0.000        0.000        1.823  
  1    382        0.000        0.000        1.822  
  1    383        0.000        0.000        1.823  
  1    384        0.000        0.000        1.822  
  1    385        0.000        0.000        2.497  
  1    386        0.000        0.000        0.863  
  1    387        0.000        0.000        0.630  
  1    388        0.000        0.000        1.845  
  1    389        0.000        0.000        1.822  
  1    390        0.000        0.000        1.823  
  1    391        0.000        0.000        1.822  
  1    392        0.000        0.000        1.822  
  1    393        0.000        0.000        1.823  
  1    394        0.000        0.000        2.430  
  1    395        0.000        0.000        1.215  
  1    396        0.000        0.000        1.822  
  1    397        0.000        0.000        1.823  
  1    398        0.000        0.000        1.822  
  1    399        0.000        0.000        1.823  
  1    400        0.000        0.000        1.822  
  1    401        0.000        0.000        1.823  
  1    402        0.000        0.000        1.935  
  1    403        0.000        0.000        1.552  
  1    404        0.000        0.000        2.992  
  1    405        0.000        0.000        1.822  
  1    406        0.000        0.000        1.822  
  1    407        0.000        0.000        1.823  
  1    408        0.000        0.000        1.822  
  1    409        0.000        0.000        1.822  
  1    410        0.000        0.000        1.823  
  1    411        0.000        0.000        1.823  
  1    412        0.000        0.000        1.823  
  1    413        0.000        0.000        1.822  
  1    414        0.000        0.000        1.823  
  1    415        0.000        0.000        1.822  
  1    416        0.000        0.000        1.822  
  1    417        0.000        0.000        1.237  
  1    418        0.000        0.000        0.304  
  1    419        0.000        0.000        0.304  
  1    420        0.000        0.000        0.152  
  2    185        0.000        0.000        2.700  
  2    209        0.000        0.000        8.100  
  2    211        0.000        0.000       10.800  
  2    215        0.000        0.000        2.700  
  2    221        0.000        0.000        6.600  
  2    223        0.000        0.000        8.100  
  2    226        0.000        0.000        8.100  
  2    230        0.000        0.000       10.800  
  2    233        0.000        0.000       10.800  
  2    235        0.000        0.000       10.800  
  2    239        0.000        0.000        6.600  
  2    242        0.000        0.000       10.800  
  2    265        0.000        0.000        6.600  
  2    268        0.000        0.000       10.800  
  2    271        0.000        0.000       10.800  
  2    274        0.000        0.000       10.800  
  2    276        0.000        0.000       10.800  
  2    278        0.000        0.000       10.800  
  2    280        0.000        0.000       10.800  
  2    283        0.000        0.000        8.100  
  2    285        0.000        0.000        2.700  
  2    290        0.000        0.000       10.800  
  2    292        0.000        0.000       10.800  
  2    293        0.000        0.000       10.800  
  2    297        0.000        0.000        6.600  
  2    298        0.000        0.000        6.600  
  2    299        0.000        0.000        6.600  
  2    301        0.000        0.000        6.600  
  2    304        0.000        0.000       10.800  
  2    306        0.000        0.000        6.600  
  2    307        0.000        0.000        2.700  
  2    308        0.000        0.000        6.600  
  2    312        0.000        0.000        8.100  
  2    315        0.000        0.000        6.600  
  2    316        0.000        0.000        6.600  
  2    317        0.000        0.000        6.600  
  2    318        0.000        0.000        6.600  
  2    323        0.000        0.000       10.800  
  2    326        0.000        0.000       10.800  
  2    329        0.000        0.000        6.600  
  2    332        0.000        0.000        6.600  
  2    335        0.000        0.000        6.600  
  2    337        0.000        0.000        6.600  
  2    338        0.000        0.000        6.600  
  2    339        0.000        0.000        6.600  
  2    340        0.000        0.000        6.600  
  2    341        0.000        0.000        6.600  
  2    343        0.000        0.000       10.800  
  2    345        0.000        0.000       10.800  
  2    348        0.000        0.000       10.800  
  2    351        0.000        0.000        2.700  
  2    360        0.000        0.000        6.600  
  2    380        0.000        0.000        1.823  
  2    381        0.000        0.000        1.823  
  2    382        0.000        0.000        1.822  
  2    383        0.000        0.000        1.823  
  2    384        0.000        0.000        1.822  
  2    387        0.000        0.000        0.630  
  2    388        0.000        0.000        1.845  
  2    389        0.000        0.000        1.822  
  2    390        0.000        0.000        1.823  
  2    391        0.000        0.000        1.822  
  2    392        0.000        0.000        1.822  
  2    393        0.000        0.000        1.823  
  2    394        0.000        0.000        2.430  
  2    395        0.000        0.000        1.215  
  2    396        0.000        0.000        1.822  
  2    397        0.000        0.000        1.823  
  2    398        0.000        0.000        1.822  
  2    399        0.000        0.000        0.608  
  2    408        0.000        0.000        1.215  
  2    409        0.000        0.000        1.822  
  2    410        0.000        0.000        1.823  
  2    411        0.000        0.000        1.823  
  2    412        0.000        0.000        1.823  
  2    413        0.000        0.000        1.822  
  2    414        0.000        0.000        1.823  
  2    415        0.000        0.000        1.822  
  2    416        0.000        0.000        1.822  
  2    417        0.000        0.000        1.237  
  3    185        0.000        0.000       10.800  
  3    188        0.000        0.000       10.800  
  3    193        0.000        0.000       10.800  
  3    196        0.000        0.000       10.800  
  3    198        0.000        0.000       10.800  
  3    202        0.000        0.000       10.800  
  3    205        0.000        0.000       10.800  
  3    207        0.000        0.000       10.800  
  3    209        0.000        0.000       10.800  
  3    211        0.000        0.000       10.800  
  3    215        0.000        0.000       10.800  
  3    220        0.000        0.000        6.600  
  3    221        0.000        0.000        6.600  
  3    223        0.000        0.000       10.800  
  3    226        0.000        0.000       10.800  
  3    230        0.000        0.000        8.100  
  3    233        0.000        0.000       10.800  
  3    243        0.000        0.000        6.600  
  3    244        0.000        0.000        6.600  
  3    245        0.000        0.000        2.700  
  3    246        0.000        0.000        6.600  
  3    247        0.000        0.000        6.600  
  3    249        0.000        0.000        8.100  
  3    254        0.000        0.000        6.600  
  3    255        0.000        0.000        6.600  
  3    257        0.000        0.000        2.700  
  3    260        0.000        0.000        6.600  
  3    261        0.000        0.000        6.600  
  3    262        0.000        0.000        6.600  
  3    264        0.000        0.000        8.100  
  3    265        0.000        0.000        6.600  
  3    268        0.000        0.000       10.800  
  3    271        0.000        0.000       10.800  
  3    274        0.000        0.000       10.800  
  3    276        0.000        0.000        2.700  
  3    293        0.000        0.000        2.700  
  3    297        0.000        0.000        6.600  
  3    298        0.000        0.000        6.600  
  3    326        0.000        0.000        8.100  
  3    329        0.000        0.000        6.600  
  3    343        0.000        0.000        2.700  
  3    352        0.000        0.000        6.600  
  3    355        0.000        0.000        2.700  
  3    357        0.000        0.000       10.800  
  3    360        0.000        0.000        6.600  
  3    361        0.000        0.000        6.600  
  3    363        0.000        0.000        6.600  
  3    364        0.000        0.000        6.600  
  3    365        0.000        0.000        1.696  
  3    366        0.000        0.000        2.528  
  3    367        0.000        0.000        2.497  
  3    368        0.000        0.000        2.497  
  3    369        0.000        0.000        2.497  
  3    370        0.000        0.000        2.497  
  3    371        0.000        0.000        2.497  
  3    372        0.000        0.000        2.497  
  3    373        0.000        0.000        2.497  
  3    374        0.000        0.000        2.497  
  3    375        0.000        0.000        2.497  
  3    376        0.000        0.000        2.497  
  3    377        0.000        0.000        2.497  
  3    378        0.000        0.000        2.497  
  3    379        0.000        0.000        2.497  
  3    385        0.000        0.000        2.497  
  3    386        0.000        0.000        0.863  
  3    399        0.000        0.000        1.215  
  3    400        0.000        0.000        1.822  
  3    401        0.000        0.000        1.823  
  3    402        0.000        0.000        1.935  
  3    403        0.000        0.000        1.552  
  3    404        0.000        0.000        2.992  
  3    405        0.000        0.000        1.822  
  3    406        0.000        0.000        1.822  
  3    407        0.000        0.000        1.823  
  3    408        0.000        0.000        0.608  
  4    193        0.000        0.000       10.800  
  4    196        0.000        0.000       10.800  
  4    198        0.000        0.000       10.800  
  4    202        0.000        0.000       10.800  
  4    207        0.000        0.000       10.800  
  4    215        0.000        0.000       10.800  
  4    220        0.000        0.000        6.600  
  4    221        0.000        0.000        6.600  
  4    223        0.000        0.000       10.800  
  4    226        0.000        0.000       10.800  
  4    239        0.000        0.000        6.600  
  4    242        0.000        0.000       10.800  
  4    243        0.000        0.000        6.600  
  4    244        0.000        0.000        6.600  
  4    245        0.000        0.000        2.700  
  4    246        0.000        0.000        6.600  
  4    247        0.000        0.000        6.600  
  4    249        0.000        0.000        8.100  
  4    254        0.000        0.000        6.600  
  4    255        0.000        0.000        6.600  
  4    257        0.000        0.000        2.700  
  4    260        0.000        0.000        6.600  
  4    265        0.000        0.000        6.600  
  4    268        0.000        0.000       10.800  
  4    271        0.000        0.000       10.800  
  4    274        0.000        0.000       10.800  
  4    276        0.000        0.000       10.800  
  4    278        0.000        0.000       10.800  
  4    280        0.000        0.000       10.800  
  4    283        0.000        0.000        8.100  
  4    285        0.000        0.000        2.700  
  4    316        0.000        0.000        6.600  
  4    317        0.000        0.000        6.600  
  4    318        0.000        0.000        6.600  
  4    323        0.000        0.000       10.800  
  4    326        0.000        0.000       10.800  
  4    329        0.000        0.000        6.600  
  4    337        0.000        0.000        6.600  
  4    338        0.000        0.000        6.600  
  4    339        0.000        0.000        6.600  
  4    340        0.000        0.000        6.600  
  4    341        0.000        0.000        6.600  
  4    343        0.000        0.000       10.800  
  4    345        0.000        0.000       10.800  
  4    348        0.000        0.000       10.800  
  4    351        0.000        0.000        2.700  
  4    371        0.000        0.000        0.832  
  4    372        0.000        0.000        1.665  
  4    373        0.000        0.000        2.497  
  4    374        0.000        0.000        2.497  
  4    375        0.000        0.000        2.497  
  4    376        0.000        0.000        2.497  
  4    377        0.000        0.000        2.497  
  4    378        0.000        0.000        2.497  
  4    379        0.000        0.000        2.497  
  4    380        0.000        0.000        1.823  
  4    381        0.000        0.000        1.823  
  4    382        0.000        0.000        1.822  
  4    383        0.000        0.000        1.823  
  4    384        0.000        0.000        1.822  
  4    385        0.000        0.000        2.497  
  4    390        0.000        0.000        1.215  
  4    391        0.000        0.000        1.822  
  4    392        0.000        0.000        1.822  
  4    393        0.000        0.000        1.823  
  4    394        0.000        0.000        2.430  
  4    395        0.000        0.000        1.215  
  4    396        0.000        0.000        1.822  
  4    397        0.000        0.000        1.823  
  4    398        0.000        0.000        1.822  
  4    399        0.000        0.000        1.823  
  4    400        0.000        0.000        1.822  
  4    401        0.000        0.000        1.823  
  4    402        0.000        0.000        1.935  
  4    403        0.000        0.000        1.552  
  4    404        0.000        0.000        2.992  
  4    405        0.000        0.000        1.822  
  4    406        0.000        0.000        1.822  
  4    407        0.000        0.000        1.823  
  4    408        0.000        0.000        1.822  
  4    409        0.000        0.000        1.822  
  4    410        0.000        0.000        1.823  
  4    412        0.000        0.000        1.823  
  4    413        0.000        0.000        1.822  
  4    414        0.000        0.000        0.608  
  5    185        0.000        0.000       10.800  
  5    188        0.000        0.000       10.800  
  5    202        0.000        0.000        5.400  
  5    205        0.000        0.000       10.800  
  5    207        0.000        0.000        5.400  
  5    209        0.000        0.000       10.800  
  5    211        0.000        0.000       10.800  
  5    226        0.000        0.000        5.400  
  5    230        0.000        0.000       10.800  
  5    233        0.000        0.000       10.800  
  5    235        0.000        0.000       10.800  
  5    255        0.000        0.000        6.600  
  5    257        0.000        0.000        5.400  
  5    260        0.000        0.000        6.600  
  5    261        0.000        0.000        6.600  
  5    262        0.000        0.000        6.600  
  5    264        0.000        0.000       10.800  
  5    274        0.000        0.000        5.400  
  5    276        0.000        0.000        5.400  
  5    278        0.000        0.000        5.400  
  5    280        0.000        0.000        5.400  
  5    285        0.000        0.000        5.400  
  5    290        0.000        0.000       10.800  
  5    292        0.000        0.000       10.800  
  5    293        0.000        0.000       10.800  
  5    297        0.000        0.000        2.267  
  5    298        0.000        0.000        2.267  
  5    299        0.000        0.000        0.653  
  5    301        0.000        0.000        2.267  
  5    304        0.000        0.000       10.800  
  5    306        0.000        0.000        6.600  
  5    307        0.000        0.000       10.800  
  5    308        0.000        0.000        6.600  
  5    312        0.000        0.000       10.800  
  5    315        0.000        0.000        6.600  
  5    316        0.000        0.000        6.600  
  5    317        0.000        0.000        6.600  
  5    332        0.000        0.000        2.267  
  5    335        0.000        0.000        2.267  
  5    352        0.000        0.000        0.773  
  5    355        0.000        0.000       10.800  
  5    357        0.000        0.000       10.800  
  5    360        0.000        0.000        2.267  
  5    361        0.000        0.000        2.267  
  5    363        0.000        0.000        2.388  
  5    364        0.000        0.000        6.600  
  5    365        0.000        0.000        1.696  
  5    366        0.000        0.000        2.528  
  5    367        0.000        0.000        2.497  
  5    368        0.000        0.000        2.497  
  5    369        0.000        0.000        2.497  
  5    370        0.000        0.000        2.497  
  5    371        0.000        0.000        1.665  
  5    372        0.000        0.000        0.832  
  5    386        0.000        0.000        0.863  
  5    387        0.000        0.000        0.630  
  5    388        0.000        0.000        1.845  
  5    389        0.000        0.000        1.822  
  5    390        0.000        0.000        0.608  
  5    411        0.000        0.000        1.823  
  5    414        0.000        0.000        1.215  
  5    415        0.000        0.000        1.822  
  5    416        0.000        0.000        1.822  
  5    417        0.000        0.000        1.237  
##                                                 
/WINDLOAD/                                         
  1      2        1.737        0.000        0.000  
  1     12        2.025        0.000        0.000  
  1     18        2.025        0.000        0.000  
  1     24        2.025        0.000        0.000  
  1     27        2.025        0.000        0.000  
  1     30        2.025        0.000        0.000  
  1     33        2.025        0.000        0.000  
  1     42        3.240        0.000        0.000  
  1     44        3.240        0.000        0.000  
  1     46        3.240        0.000        0.000  
  1    119        2.025        0.000        0.000  
  1    120        0.363        0.000        0.000  
  1    126        0.580        0.000        0.000  
  1    127        2.780        0.000        0.000  
  1    128        3.240        0.000        0.000  
  1    129        3.240        0.000        0.000  
  1    130        3.240        0.000        0.000  
  1    132        3.240        0.000        0.000  
  1    145        0.000       -2.835        0.000  
  1    147        0.000       -2.335        0.000  
  1    148        2.700        0.000        0.000  
  1    150        0.000       -2.581        0.000  
  1    151        0.000       -2.581        0.000  
  1    152        0.000       -2.835        0.000  
  1    153        0.000       -2.581        0.000  
  1    154        0.000       -2.581        0.000  
  1    155        0.000       -2.835        0.000  
  1    156        0.000       -2.674        0.000  
  1    157        0.338       -0.569        0.000  
  1    158        1.687        0.000        0.000  
  1    184        0.000        0.000       -3.280  
  1    185        0.000        0.000       -3.280  
  1    186        0.000        0.000       -3.280  
  1    187        0.000        0.000       -3.280  
  1    188        0.000        0.000       -3.280  
  1    189        0.000        0.000       -3.295  
  1    190        0.000        0.000       -3.108  
  1    191        0.000        0.000       -3.295  
  1    192        0.000        0.000       -2.460  
  1    193        0.000        0.000       -3.281  
  1    194        0.000        0.000       -2.460  
  1    195        0.000        0.000       -3.281  
  1    196        0.000        0.000       -1.640  
  1    197        0.000        0.000       -0.820  
  1    198        0.000        0.000       -2.460  
  1    199        0.000        0.000       -3.280  
  1    200        0.000        0.000       -3.280  
  1    201        0.000        0.000       -3.281  
  1    202        0.000        0.000       -3.280  
  1    203        0.000        0.000       -3.281  
  1    204        0.000        0.000       -3.280  
  1    205        0.000        0.000       -3.280  
  1    206        0.000        0.000       -2.460  
  1    207        0.000        0.000       -2.460  
  1    208        0.000        0.000       -3.295  
  1    209        0.000        0.000       -3.281  
  1    210        0.000        0.000       -3.281  
  1    211        0.000        0.000       -3.280  
  1    212        0.000        0.000       -3.281  
  1    213        0.000        0.000       -3.280  
  1    214        0.000        0.000       -3.280  
  1    215        0.000        0.000       -3.280  
  1    216        0.000        0.000       -3.280  
  1    217        0.000        0.000       -0.820  
  1    218        0.000        0.000       -0.800  
  1    219        0.000        0.000       -0.800  
  1    220        0.000       -6.946       -2.000  
  1    221        0.000       -6.946       -2.000  
  1    222        0.000        0.000       -0.800  
  1    223        0.000        0.000       -2.460  
  1    224        0.000        0.000       -3.281  
  1    225        0.000        0.000       -3.281  
  1    226        0.000        0.000       -3.281  
  1    227        0.000        0.000       -3.281  
  1    228        0.000        0.000       -3.281  
  1    229        0.000        0.000       -3.280  
  1    230        0.000        0.000       -3.280  
  1    231        0.000        0.000       -3.280  
  1    232        0.000        0.000       -3.281  
  1    233        0.000        0.000       -3.281  
  1    234        0.000        0.000       -3.280  
  1    235        0.000        0.000       -3.280  
  1    236        0.000        0.000       -3.281  
  1    237        0.000        0.000       -0.820  
  1    238        0.000        0.000       -0.800  
  1    239        0.000       -6.946       -2.000  
  1    240        0.000        0.000       -0.800  
  1    241        0.000        0.000       -0.800  
  1    242        0.000        0.000       -1.640  
  1    243        2.481       -4.328       -2.000  
  1    244        4.961        0.000       -2.000  
  1    245        0.000        0.000       -0.800  
  1    246        4.961        0.000       -2.000  
  1    247        4.961        0.000       -2.000  
  1    248        0.000        0.000       -0.800  
  1    249        0.000        0.000       -0.820  
  1    250        0.000        0.000       -0.800  
  1    251        0.000        0.000       -0.820  
  1    253        0.000        0.000       -0.800  
  1    254        0.000       -7.494       -2.000  
  1    255        4.961        0.000       -2.000  
  1    256        0.000        0.000       -0.820  
  1    257        0.000        0.000       -0.800  
  1    258        0.000        0.000       -0.820  
  1    259        0.000        0.000       -0.800  
  1    260        4.961        0.000       -2.000  
  1    261        4.961        0.000       -2.000  
  1    262        4.961        0.000       -2.000  
  1    263        0.000        0.000       -0.800  
  1    264        0.000        0.000       -0.820  
  1    265        0.000       -6.946       -2.000  
  1    266        0.000        0.000       -0.800  
  1    267        0.000        0.000       -0.820  
  1    268        0.000        0.000       -2.460  
  1    269        0.000        0.000       -3.281  
  1    270        0.000        0.000       -3.280  
  1    271        0.000        0.000       -3.281  
  1    272        0.000        0.000       -3.280  
  1    273        0.000        0.000       -3.281  
  1    274        0.000        0.000       -3.280  
  1    275        0.000        0.000       -3.280  
  1    276        0.000        0.000       -3.280  
  1    277        0.000        0.000       -3.280  
  1    278        0.000        0.000       -3.280  
  1    279        0.000        0.000       -3.280  
  1    280        0.000        0.000       -2.460  
  1    281        0.000        0.000       -0.820  
  1    282        0.000        0.000       -0.800  
  1    283        0.000        0.000       -0.820  
  1    284        0.000        0.000       -2.460  
  1    285        0.000        0.000       -0.800  
  1    286        0.000        0.000       -0.820  
  1    287        0.000        0.000       -3.281  
  1    288        0.000        0.000       -3.281  
  1    289        0.000        0.000       -3.281  
  1    290        0.000        0.000       -3.280  
  1    291        0.000        0.000       -3.281  
  1    292        0.000        0.000       -3.281  
  1    293        0.000        0.000       -3.281  
  1    294        0.000        0.000       -3.295  
  1    295        0.000        0.000       -3.108  
  1    296        0.000        0.000       -3.108  
  1    297        0.000        0.000       -2.041  
  1    298        0.000        0.000       -2.041  
  1    299        4.136        0.000       -2.000  
  1    300        0.000        0.000       -0.800  
  1    301        0.000        0.000       -0.587  
  1    302        0.000        0.000       -2.258  
  1    303        0.000        0.000       -3.295  
  1    304        0.000        0.000       -2.460  
  1    305        0.000        0.000       -0.820  
  1    306        8.065        0.000       -2.000  
  1    307        0.000        0.000       -0.800  
  1    308        7.938        0.000       -2.000  
  1    309        0.000        0.000       -0.800  
  1    310        0.000        0.000       -0.820  
  1    311        0.000        0.000       -2.460  
  1    312        0.000        0.000       -0.820  
  1    313        0.000        0.000       -0.800  
  1    314        0.000        0.000       -2.460  
  1    315        7.938        0.000       -2.000  
  1    316        7.938        0.000       -2.000  
  1    317        7.938        0.000       -2.000  
  1    318        7.938        0.000       -2.000  
  1    319        0.000        0.000       -0.800  
  1    320        0.000        0.000       -0.820  
  1    321        0.000        0.000       -3.280  
  1    322        0.000        0.000       -2.460  
  1    323        0.000        0.000       -3.280  
  1    324        0.000        0.000       -3.280  
  1    325        0.000        0.000       -3.280  
  1    326        0.000        0.000       -3.280  
  1    327        0.000        0.000       -3.280  
  1    328        0.000        0.000       -0.820  
  1    329        0.000       -6.946       -2.000  
  1    330        0.000        0.000       -3.281  
  1    331        0.000        0.000       -3.281  
  1    332        0.000        0.000       -2.041  
  1    333        0.000        0.000       -3.108  
  1    334        0.000        0.000       -3.295  
  1    335        0.000        0.000       -2.041  
  1    336        0.000        0.000       -3.108  
  1    337        7.938        0.000       -2.000  
  1    338        5.589        0.000       -2.000  
  1    339        1.620       -1.506       -2.000  
  1    340        0.000       -4.890       -2.000  
  1    341        0.000       -6.946       -2.000  
  1    342        0.000        0.000       -0.800  
  1    343        0.000        0.000       -2.460  
  1    344        0.000        0.000       -3.280  
  1    345        0.000        0.000       -3.280  
  1    346        0.000        0.000       -3.280  
  1    347        0.000        0.000       -0.820  
  1    348        0.000        0.000       -2.460  
  1    349        0.000        0.000       -3.281  
  1    350        0.000        0.000       -0.800  
  1    351        0.000        0.000       -0.800  
  1    352        2.585        0.000       -2.000  
  1    353        0.000        0.000       -0.800  
  1    354        0.000        0.000       -0.820  
  1    355        0.000        0.000       -0.800  
  1    356        0.000        0.000       -0.820  
  1    357        0.000        0.000       -2.460  
  1    358        0.000        0.000       -3.281  
  1    359        0.000        0.000       -2.460  
  1    360        0.000        0.000       -2.041  
  1    361        0.000        0.000       -2.041  
  1    362        0.000        0.000       -2.258  
  1    363        0.000        0.000       -0.587  
  1    364        5.041        0.000       -2.000  
  1    366        2.991        0.000        0.000  
  1    368        2.936        0.000        0.000  
  1    370        2.936        0.000        0.000  
  1    372        2.936        0.000        0.000  
  1    374        2.936        0.000        0.000  
  1    376        2.936        0.000        0.000  
  1    378        2.936        0.000        0.000  
  1    380        4.698        0.000        0.000  
  1    382        4.698        0.000        0.000  
  1    384        2.349        0.000        0.000  
  1    385        2.936        0.000        0.000  
  1    386        1.523        0.000        0.000  
  1    387        2.436        0.000        0.000  
  1    388        4.785        0.000        0.000  
  1    389        4.698        0.000        0.000  
  1    390        4.698        0.000        0.000  
  1    391        4.698        0.000        0.000  
  1    392        0.000       -2.055        0.000  
  1    395        1.500       -2.400        0.000  
  1    396        0.000       -4.111        0.000  
  1    397        0.000       -4.111        0.000  
  1    398        0.000       -4.111        0.000  
  1    399        0.000       -4.111        0.000  
  1    400        0.000       -4.111        0.000  
  1    401        0.000       -4.111        0.000  
  1    402        0.000       -4.491        0.000  
  1    403        1.468       -2.436        0.000  
  1    411        4.698        0.000        0.000  
  1    418        0.000      -88.009        0.000  
  1    419        0.000      -88.009        0.000  
  1    420       65.000      -65.000        0.000  
  2      2       -2.780        0.000        0.000  
  2     12       -3.240        0.000        0.000  
  2     18       -3.240        0.000        0.000  
  2     24       -3.240        0.000        0.000  
  2     27       -3.240        0.000        0.000  
  2     30       -3.240        0.000        0.000  
  2     33       -3.240        0.000        0.000  
  2     42       -2.025        0.000        0.000  
  2     44       -2.025        0.000        0.000  
  2     46       -2.025        0.000        0.000  
  2    119       -3.240        0.000        0.000  
  2    120       -0.580        0.000        0.000  
  2    126       -0.363        0.000        0.000  
  2    127       -1.737        0.000        0.000  
  2    128       -2.025        0.000        0.000  
  2    129       -2.025        0.000        0.000  
  2    130       -2.025        0.000        0.000  
  2    132       -2.025        0.000        0.000  
  2    145        0.000       -2.835        0.000  
  2    147        0.000       -2.335        0.000  
  2    148       -1.687        0.000        0.000  
  2    150        0.000       -2.581        0.000  
  2    151        0.000       -2.581        0.000  
  2    152        0.000       -2.835        0.000  
  2    153        0.000       -2.581        0.000  
  2    154        0.000       -2.581        0.000  
  2    155        0.000       -2.835        0.000  
  2    156        0.000       -2.674        0.000  
  2    157       -0.540       -0.569        0.000  
  2    158       -2.700        0.000        0.000  
  2    184        0.000        0.000       -3.280  
  2    185        0.000        0.000       -3.280  
  2    186        0.000        0.000       -3.280  
  2    187        0.000        0.000       -3.280  
  2    188        0.000        0.000       -3.280  
  2    189        0.000        0.000       -3.295  
  2    190        0.000        0.000       -3.108  
  2    191        0.000        0.000       -3.295  
  2    192        0.000        0.000       -2.460  
  2    193        0.000        0.000       -3.281  
  2    194        0.000        0.000       -2.460  
  2    195        0.000        0.000       -3.281  
  2    196        0.000        0.000       -2.460  
  2    197        0.000        0.000       -2.460  
  2    198        0.000        0.000       -3.280  
  2    199        0.000        0.000       -3.280  
  2    200        0.000        0.000       -3.280  
  2    201        0.000        0.000       -3.281  
  2    202        0.000        0.000       -3.280  
  2    203        0.000        0.000       -3.281  
  2    204        0.000        0.000       -3.280  
  2    205        0.000        0.000       -3.280  
  2    206        0.000        0.000       -2.460  
  2    207        0.000        0.000       -2.460  
  2    208        0.000        0.000       -3.295  
  2    209        0.000        0.000       -3.281  
  2    210        0.000        0.000       -3.281  
  2    211        0.000        0.000       -3.280  
  2    212        0.000        0.000       -3.281  
  2    213        0.000        0.000       -3.280  
  2    214        0.000        0.000       -3.280  
  2    215        0.000        0.000       -3.280  
  2    216        0.000        0.000       -3.280  
  2    217        0.000        0.000       -2.460  
  2    218        0.000        0.000       -0.800  
  2    219        0.000        0.000       -0.800  
  2    220        0.000       -6.946       -2.000  
  2    221        0.000       -6.946       -2.000  
  2    222        0.000        0.000       -0.800  
  2    223        0.000        0.000       -3.281  
  2    224        0.000        0.000       -3.281  
  2    225        0.000        0.000       -3.281  
  2    226        0.000        0.000       -3.281  
  2    227        0.000        0.000       -3.281  
  2    228        0.000        0.000       -3.281  
  2    229        0.000        0.000       -3.280  
  2    230        0.000        0.000       -3.280  
  2    231        0.000        0.000       -3.280  
  2    232        0.000        0.000       -3.281  
  2    233        0.000        0.000       -3.281  
  2    234        0.000        0.000       -3.280  
  2    235        0.000        0.000       -3.280  
  2    236        0.000        0.000       -3.281  
  2    237        0.000        0.000       -2.460  
  2    238        0.000        0.000       -0.800  
  2    239        0.000       -6.946       -2.000  
  2    240        0.000        0.000       -0.800  
  2    241        0.000        0.000       -0.820  
  2    242        0.000        0.000       -2.460  
  2    243       -3.969       -4.328       -2.000  
  2    244       -7.938        0.000       -2.000  
  2    245        0.000        0.000       -0.800  
  2    246       -7.938        0.000       -2.000  
  2    247       -7.938        0.000       -2.000  
  2    248        0.000        0.000       -0.800  
  2    249        0.000        0.000       -0.820  
  2    250        0.000        0.000       -0.800  
  2    251        0.000        0.000       -0.820  
  2    252        0.000        0.000       -0.820  
  2    253        0.000        0.000       -0.800  
  2    254        0.000       -7.494       -2.000  
  2    255       -7.938        0.000       -2.000  
  2    256        0.000        0.000       -0.820  
  2    257        0.000        0.000       -0.800  
  2    258        0.000        0.000       -0.820  
  2    259        0.000        0.000       -0.800  
  2    260       -7.938        0.000       -2.000  
  2    261       -7.938        0.000       -2.000  
  2    262       -7.938        0.000       -2.000  
  2    263        0.000        0.000       -0.800  
  2    264        0.000        0.000       -0.820  
  2    265        0.000       -6.946       -2.000  
  2    266        0.000        0.000       -0.800  
  2    267        0.000        0.000       -2.460  
  2    268        0.000        0.000       -3.280  
  2    269        0.000        0.000       -3.281  
  2    270        0.000        0.000       -3.280  
  2    271        0.000        0.000       -3.281  
  2    272        0.000        0.000       -3.280  
  2    273        0.000        0.000       -3.281  
  2    274        0.000        0.000       -3.280  
  2    275        0.000        0.000       -3.280  
  2    276        0.000        0.000       -3.280  
  2    277        0.000        0.000       -3.280  
  2    278        0.000        0.000       -3.280  
  2    279        0.000        0.000       -3.280  
  2    280        0.000        0.000       -2.460  
  2    281        0.000        0.000       -0.820  
  2    282        0.000        0.000       -0.800  
  2    283        0.000        0.000       -0.820  
  2    284        0.000        0.000       -2.460  
  2    285        0.000        0.000       -0.800  
  2    286        0.000        0.000       -0.820  
  2    287        0.000        0.000       -3.281  
  2    288        0.000        0.000       -3.281  
  2    289        0.000        0.000       -3.281  
  2    290        0.000        0.000       -3.280  
  2    291        0.000        0.000       -3.281  
  2    292        0.000        0.000       -3.281  
  2    293        0.000        0.000       -3.281  
  2    294        0.000        0.000       -3.295  
  2    295        0.000        0.000       -3.108  
  2    296        0.000        0.000       -3.108  
  2    297        0.000        0.000       -2.041  
  2    298        0.000        0.000       -2.041  
  2    299       -2.585        0.000       -2.000  
  2    300        0.000        0.000       -0.800  
  2    301        0.000        0.000       -0.587  
  2    302        0.000        0.000       -2.258  
  2    303        0.000        0.000       -3.295  
  2    304        0.000        0.000       -2.460  
  2    305        0.000        0.000       -0.820  
  2    306       -5.041        0.000       -2.000  
  2    307        0.000        0.000       -0.800  
  2    308       -4.961        0.000       -2.000  
  2    309        0.000        0.000       -0.800  
  2    310        0.000        0.000       -0.820  
  2    311        0.000        0.000       -2.460  
  2    312        0.000        0.000       -0.820  
  2    313        0.000        0.000       -0.800  
  2    314        0.000        0.000       -2.460  
  2    315       -4.961        0.000       -2.000  
  2    316       -4.961        0.000       -2.000  
  2    317       -4.961        0.000       -2.000  
  2    318       -4.961        0.000       -2.000  
  2    319        0.000        0.000       -0.800  
  2    320        0.000        0.000       -0.820  
  2    321        0.000        0.000       -3.280  
  2    322        0.000        0.000       -2.460  
  2    323        0.000        0.000       -3.280  
  2    324        0.000        0.000       -3.280  
  2    325        0.000        0.000       -3.280  
  2    326        0.000        0.000       -3.280  
  2    327        0.000        0.000       -3.280  
  2    328        0.000        0.000       -2.460  
  2    329        0.000       -6.946       -2.000  
  2    330        0.000        0.000       -3.281  
  2    331        0.000        0.000       -3.281  
  2    332        0.000        0.000       -2.041  
  2    333        0.000        0.000       -3.108  
  2    334        0.000        0.000       -3.295  
  2    335        0.000        0.000       -2.041  
  2    336        0.000        0.000       -3.108  
  2    337       -4.961        0.000       -2.000  
  2    338       -3.493        0.000       -2.000  
  2    339       -1.013       -1.506       -2.000  
  2    340        0.000       -4.890       -2.000  
  2    341        0.000       -6.946       -2.000  
  2    342        0.000        0.000       -0.800  
  2    343        0.000        0.000       -3.280  
  2    344        0.000        0.000       -3.280  
  2    345        0.000        0.000       -3.280  
  2    346        0.000        0.000       -3.280  
  2    347        0.000        0.000       -2.460  
  2    348        0.000        0.000       -3.281  
  2    349        0.000        0.000       -3.281  
  2    350        0.000        0.000       -0.800  
  2    351        0.000        0.000       -0.800  
  2    352       -4.136        0.000       -2.000  
  2    353        0.000        0.000       -0.800  
  2    354        0.000        0.000       -0.820  
  2    355        0.000        0.000       -0.800  
  2    356        0.000        0.000       -0.820  
  2    357        0.000        0.000       -2.460  
  2    358        0.000        0.000       -3.281  
  2    359        0.000        0.000       -2.460  
  2    360        0.000        0.000       -2.041  
  2    361        0.000        0.000       -2.041  
  2    362        0.000        0.000       -2.258  
  2    363        0.000        0.000       -0.587  
  2    364       -8.065        0.000       -2.000  
  2    366       -4.785        0.000        0.000  
  2    368       -4.698        0.000        0.000  
  2    370       -4.698        0.000        0.000  
  2    372       -4.698        0.000        0.000  
  2    374       -4.698        0.000        0.000  
  2    376       -4.698        0.000        0.000  
  2    378       -4.698        0.000        0.000  
  2    380       -2.936        0.000        0.000  
  2    382       -2.936        0.000        0.000  
  2    384       -1.468        0.000        0.000  
  2    385       -4.698        0.000        0.000  
  2    386       -2.436        0.000        0.000  
  2    387       -1.523        0.000        0.000  
  2    388       -2.991        0.000        0.000  
  2    389       -2.936        0.000        0.000  
  2    390       -2.936        0.000        0.000  
  2    391       -2.936        0.000        0.000  
  2    392        0.000       -2.055        0.000  
  2    395       -2.300       -2.400        0.000  
  2    396        0.000       -4.111        0.000  
  2    397        0.000       -4.111        0.000  
  2    398        0.000       -4.111        0.000  
  2    399        0.000       -4.111        0.000  
  2    400        0.000       -4.111        0.000  
  2    401        0.000       -4.111        0.000  
  2    402        0.000       -4.491        0.000  
  2    403       -2.349       -2.436        0.000  
  2    411       -2.936        0.000        0.000  
  2    418        0.000      -88.009        0.000  
  2    419        0.000      -88.009        0.000  
  2    420      -65.000      -65.000        0.000  
  3      2        2.800        0.000        0.000  
  3     12        2.800        0.000        0.000  
  3     18        2.800        0.000        0.000  
  3     24        2.800        0.000        0.000  
  3     27        2.800        0.000        0.000  
  3     30        2.800        0.000        0.000  
  3     33        2.800        0.000        0.000  
  3     42       -2.835        0.000        0.000  
  3     44       -2.835        0.000        0.000  
  3     46       -2.835        0.000        0.000  
  3    119        2.800        0.000        0.000  
  3    120        2.800        0.000        0.000  
  3    126       -0.507        0.000        0.000  
  3    127       -2.432        0.000        0.000  
  3    128       -2.835        0.000        0.000  
  3    129       -2.835        0.000        0.000  
  3    130       -2.835        0.000        0.000  
  3    132       -2.835        0.000        0.000  
  3    145        0.000        3.240        0.000  
  3    147        0.000        2.668        0.000  
  3    148       -2.362        0.000        0.000  
  3    150        0.000        2.949        0.000  
  3    151        0.000        2.949        0.000  
  3    152        0.000        3.240        0.000  
  3    153        0.000        2.949        0.000  
  3    154        0.000        2.949        0.000  
  3    155        0.000        3.240        0.000  
  3    156        0.000        3.056        0.000  
  3    157       -0.472        0.650        0.000  
  3    158        2.800        0.000        0.000  
  3    184        0.000        0.000       -3.280  
  3    185        0.000        0.000       -3.280  
  3    186        0.000        0.000       -3.280  
  3    187        0.000        0.000       -3.280  
  3    188        0.000        0.000       -3.280  
  3    189        0.000        0.000       -3.295  
  3    190        0.000        0.000       -3.108  
  3    191        0.000        0.000       -3.295  
  3    192        0.000        0.000       -2.460  
  3    193        0.000        0.000       -3.281  
  3    194        0.000        0.000       -2.460  
  3    195        0.000        0.000       -3.281  
  3    196        0.000        0.000       -2.460  
  3    197        0.000        0.000       -2.460  
  3    198        0.000        0.000       -3.280  
  3    199        0.000        0.000       -3.280  
  3    200        0.000        0.000       -3.280  
  3    201        0.000        0.000       -3.281  
  3    202        0.000        0.000       -3.280  
  3    203        0.000        0.000       -3.281  
  3    204        0.000        0.000       -3.280  
  3    205        0.000        0.000       -3.280  
  3    206        0.000        0.000       -2.460  
  3    207        0.000        0.000       -2.460  
  3    208        0.000        0.000       -3.295  
  3    209        0.000        0.000       -3.281  
  3    210        0.000        0.000       -3.281  
  3    211        0.000        0.000       -3.280  
  3    212        0.000        0.000       -3.281  
  3    213        0.000        0.000       -3.280  
  3    214        0.000        0.000       -3.280  
  3    215        0.000        0.000       -3.280  
  3    216        0.000        0.000       -3.280  
  3    217        0.000        0.000       -2.460  
  3    218        0.000        0.000       -0.820  
  3    219        0.000        0.000       -0.820  
  3    220        0.000        7.938       -2.000  
  3    221        0.000        7.938       -2.000  
  3    222        0.000        0.000       -0.820  
  3    223        0.000        0.000       -3.281  
  3    224        0.000        0.000       -3.281  
  3    225        0.000        0.000       -3.281  
  3    226        0.000        0.000       -3.281  
  3    227        0.000        0.000       -3.281  
  3    228        0.000        0.000       -3.281  
  3    229        0.000        0.000       -3.280  
  3    230        0.000        0.000       -3.280  
  3    231        0.000        0.000       -3.280  
  3    232        0.000        0.000       -3.281  
  3    233        0.000        0.000       -3.281  
  3    234        0.000        0.000       -3.280  
  3    235        0.000        0.000       -3.280  
  3    236        0.000        0.000       -3.281  
  3    237        0.000        0.000       -2.460  
  3    238        0.000        0.000       -0.820  
  3    239        0.000        7.938       -2.000  
  3    240        0.000        0.000       -0.820  
  3    241        0.000        0.000       -0.820  
  3    242        0.000        0.000       -2.460  
  3    243        3.500        4.900       -2.000  
  3    244        6.900        0.000       -2.000  
  3    245        0.000        0.000       -0.800  
  3    246        6.900        0.000       -2.000  
  3    247        6.900        0.000       -2.000  
  3    248        0.000        0.000       -0.800  
  3    249        0.000        0.000       -0.820  
  3    250        0.000        0.000       -0.800  
  3    251        0.000        0.000       -0.820  
  3    252        0.000        0.000       -0.820  
  3    253        0.000        0.000       -0.800  
  3    254        0.000        8.565       -2.000  
  3    255        6.900        0.000       -2.000  
  3    256        0.000        0.000       -0.820  
  3    257        0.000        0.000       -0.800  
  3    258        0.000        0.000       -0.820  
  3    259        0.000        0.000       -0.800  
  3    260        6.900        0.000       -2.000  
  3    261        6.900        0.000       -2.000  
  3    262        6.900        0.000       -2.000  
  3    263        0.000        0.000       -0.800  
  3    264        0.000        0.000       -0.820  
  3    265        0.000        7.938       -2.000  
  3    266        0.000        0.000       -0.820  
  3    267        0.000        0.000       -2.460  
  3    268        0.000        0.000       -3.280  
  3    269        0.000        0.000       -3.281  
  3    270        0.000        0.000       -3.280  
  3    271        0.000        0.000       -3.281  
  3    272        0.000        0.000       -3.280  
  3    273        0.000        0.000       -3.281  
  3    274        0.000        0.000       -3.280  
  3    275        0.000        0.000       -3.280  
  3    276        0.000        0.000       -3.280  
  3    277        0.000        0.000       -3.280  
  3    278        0.000        0.000       -3.280  
  3    279        0.000        0.000       -3.280  
  3    280        0.000        0.000       -2.460  
  3    281        0.000        0.000       -0.820  
  3    282        0.000        0.000       -0.800  
  3    283        0.000        0.000       -0.820  
  3    284        0.000        0.000       -2.460  
  3    285        0.000        0.000       -0.800  
  3    286        0.000        0.000       -0.820  
  3    287        0.000        0.000       -3.281  
  3    288        0.000        0.000       -3.281  
  3    289        0.000        0.000       -3.281  
  3    290        0.000        0.000       -3.280  
  3    291        0.000        0.000       -3.281  
  3    292        0.000        0.000       -3.281  
  3    293        0.000        0.000       -3.281  
  3    294        0.000        0.000       -3.295  
  3    295        0.000        0.000       -3.108  
  3    296        0.000        0.000       -3.108  
  3    297        0.000        0.000       -2.041  
  3    298        0.000        0.000       -2.041  
  3    299       -3.619        0.000       -2.000  
  3    300        0.000        0.000       -0.800  
  3    301        0.000        0.000       -0.587  
  3    302        0.000        0.000       -2.258  
  3    303        0.000        0.000       -3.295  
  3    304        0.000        0.000       -2.460  
  3    305        0.000        0.000       -0.820  
  3    306       -7.057        0.000       -2.000  
  3    307        0.000        0.000       -0.800  
  3    308       -6.946        0.000       -2.000  
  3    309        0.000        0.000       -0.800  
  3    310        0.000        0.000       -0.820  
  3    311        0.000        0.000       -2.460  
  3    312        0.000        0.000       -0.820  
  3    313        0.000        0.000       -0.800  
  3    314        0.000        0.000       -2.460  
  3    315       -6.946        0.000       -2.000  
  3    316       -6.946        0.000       -2.000  
  3    317       -6.946        0.000       -2.000  
  3    318       -6.946        0.000       -2.000  
  3    319        0.000        0.000       -0.800  
  3    320        0.000        0.000       -0.820  
  3    321        0.000        0.000       -3.280  
  3    322        0.000        0.000       -2.460  
  3    323        0.000        0.000       -3.280  
  3    324        0.000        0.000       -3.280  
  3    325        0.000        0.000       -3.280  
  3    326        0.000        0.000       -3.280  
  3    327        0.000        0.000       -3.280  
  3    328        0.000        0.000       -2.460  
  3    329        0.000        7.938       -2.000  
  3    330        0.000        0.000       -3.281  
  3    331        0.000        0.000       -3.281  
  3    332        0.000        0.000       -2.041  
  3    333        0.000        0.000       -3.108  
  3    334        0.000        0.000       -3.295  
  3    335        0.000        0.000       -2.041  
  3    336        0.000        0.000       -3.108  
  3    337       -6.946        0.000       -2.000  
  3    338       -4.890        0.000       -2.000  
  3    339       -1.418        1.721       -2.000  
  3    340        0.000        5.589       -2.000  
  3    341        0.000        7.938       -2.000  
  3    342        0.000        0.000       -0.820  
  3    343        0.000        0.000       -3.280  
  3    344        0.000        0.000       -3.280  
  3    345        0.000        0.000       -3.280  
  3    346        0.000        0.000       -3.280  
  3    347        0.000        0.000       -2.460  
  3    348        0.000        0.000       -3.281  
  3    349        0.000        0.000       -3.281  
  3    350        0.000        0.000       -0.800  
  3    351        0.000        0.000       -0.800  
  3    352        6.900        0.000       -2.000  
  3    353        0.000        0.000       -0.800  
  3    354        0.000        0.000       -0.820  
  3    355        0.000        0.000       -0.800  
  3    356        0.000        0.000       -0.820  
  3    357        0.000        0.000       -2.460  
  3    358        0.000        0.000       -3.281  
  3    359        0.000        0.000       -2.460  
  3    360        0.000        0.000       -2.041  
  3    361        0.000        0.000       -2.041  
  3    362        0.000        0.000       -2.258  
  3    363        0.000        0.000       -0.587  
  3    364        6.900        0.000       -2.000  
  3    366        4.200        0.000        0.000  
  3    368        4.200        0.000        0.000  
  3    370        4.200        0.000        0.000  
  3    372        4.200        0.000        0.000  
  3    374        4.200        0.000        0.000  
  3    376        4.200        0.000        0.000  
  3    378        4.200        0.000        0.000  
  3    380       -4.111        0.000        0.000  
  3    382       -4.111        0.000        0.000  
  3    384       -2.055        0.000        0.000  
  3    385        4.200        0.000        0.000  
  3    386        4.200        0.000        0.000  
  3    387       -2.132        0.000        0.000  
  3    388       -4.187        0.000        0.000  
  3    389       -4.111        0.000        0.000  
  3    390       -4.111        0.000        0.000  
  3    391       -4.111        0.000        0.000  
  3    392        0.000        2.349        0.000  
  3    395       -2.100        2.800        0.000  
  3    396        0.000        4.698        0.000  
  3    397        0.000        4.698        0.000  
  3    398        0.000        4.698        0.000  
  3    399        0.000        4.698        0.000  
  3    400        0.000        4.698        0.000  
  3    401        0.000        4.698        0.000  
  3    402        0.000        5.133        0.000  
  3    403        2.100        2.800        0.000  
  3    411       -4.111        0.000        0.000  
  3    418        0.000      125.581        0.000  
  3    419        0.000      125.581        0.000  
  3    420      -65.000       65.000        0.000  
  4      2        2.432        0.000        0.000  
  4     12        2.835        0.000        0.000  
  4     18        2.835        0.000        0.000  
  4     24        2.835        0.000        0.000  
  4     27        2.835        0.000        0.000  
  4     30        2.835        0.000        0.000  
  4     33        2.835        0.000        0.000  
  4     42       -2.835        0.000        0.000  
  4     44       -2.835        0.000        0.000  
  4     46       -2.835        0.000        0.000  
  4    119        2.835        0.000        0.000  
  4    120        0.507        0.000        0.000  
  4    126       -0.507        0.000        0.000  
  4    127       -2.432        0.000        0.000  
  4    128       -2.835        0.000        0.000  
  4    129       -2.835        0.000        0.000  
  4    130       -2.835        0.000        0.000  
  4    132       -2.835        0.000        0.000  
  4    145        0.000       -2.025        0.000  
  4    147        0.000       -1.668        0.000  
  4    148       -2.362        0.000        0.000  
  4    150        0.000       -1.843        0.000  
  4    151        0.000       -1.843        0.000  
  4    152        0.000       -2.025        0.000  
  4    153        0.000       -1.843        0.000  
  4    154        0.000       -1.843        0.000  
  4    155        0.000       -2.025        0.000  
  4    156        0.000       -1.910        0.000  
  4    157        0.472       -0.406        0.000  
  4    158        2.362        0.000        0.000  
  4    184        0.000        0.000       -3.280  
  4    185        0.000        0.000       -3.280  
  4    186        0.000        0.000       -3.280  
  4    187        0.000        0.000       -3.280  
  4    188        0.000        0.000       -3.280  
  4    189        0.000        0.000       -3.295  
  4    190        0.000        0.000       -3.108  
  4    191        0.000        0.000       -3.295  
  4    192        0.000        0.000       -2.460  
  4    193        0.000        0.000       -3.281  
  4    194        0.000        0.000       -2.460  
  4    195        0.000        0.000       -3.281  
  4    196        0.000        0.000       -2.460  
  4    197        0.000        0.000       -2.460  
  4    198        0.000        0.000       -3.280  
  4    199        0.000        0.000       -3.280  
  4    200        0.000        0.000       -3.280  
  4    201        0.000        0.000       -3.281  
  4    202        0.000        0.000       -3.280  
  4    203        0.000        0.000       -3.281  
  4    204        0.000        0.000       -3.280  
  4    205        0.000        0.000       -3.280  
  4    206        0.000        0.000       -2.460  
  4    207        0.000        0.000       -2.460  
  4    208        0.000        0.000       -3.295  
  4    209        0.000        0.000       -3.281  
  4    210        0.000        0.000       -3.281  
  4    211        0.000        0.000       -3.280  
  4    212        0.000        0.000       -3.281  
  4    213        0.000        0.000       -3.280  
  4    214        0.000        0.000       -3.280  
  4    215        0.000        0.000       -3.280  
  4    216        0.000        0.000       -3.280  
  4    217        0.000        0.000       -2.460  
  4    218        0.000        0.000       -0.800  
  4    219        0.000        0.000       -0.800  
  4    220        0.000       -4.961       -2.000  
  4    221        0.000       -4.961       -2.000  
  4    222        0.000        0.000       -0.800  
  4    223        0.000        0.000       -3.281  
  4    224        0.000        0.000       -3.281  
  4    225        0.000        0.000       -3.281  
  4    226        0.000        0.000       -3.281  
  4    227        0.000        0.000       -3.281  
  4    228        0.000        0.000       -3.281  
  4    229        0.000        0.000       -3.280  
  4    230        0.000        0.000       -3.280  
  4    231        0.000        0.000       -3.280  
  4    232        0.000        0.000       -3.281  
  4    233        0.000        0.000       -3.281  
  4    234        0.000        0.000       -3.280  
  4    235        0.000        0.000       -3.280  
  4    236        0.000        0.000       -3.281  
  4    237        0.000        0.000       -2.460  
  4    238        0.000        0.000       -0.800  
  4    239        0.000       -4.961       -2.000  
  4    240        0.000        0.000       -0.800  
  4    241        0.000        0.000       -0.800  
  4    242        0.000        0.000       -2.460  
  4    243        3.473       -3.091       -2.000  
  4    244        6.946        0.000       -2.000  
  4    245        0.000        0.000       -0.800  
  4    246        6.946        0.000       -2.000  
  4    247        6.946        0.000       -2.000  
  4    248        0.000        0.000       -0.800  
  4    249        0.000        0.000       -0.820  
  4    250        0.000        0.000       -0.800  
  4    251        0.000        0.000       -0.820  
  4    252        0.000        0.000       -0.820  
  4    253        0.000        0.000       -0.800  
  4    254        0.000       -5.353       -2.000  
  4    255        6.946        0.000       -2.000  
  4    256        0.000        0.000       -0.820  
  4    257        0.000        0.000       -0.800  
  4    258        0.000        0.000       -0.820  
  4    259        0.000        0.000       -0.800  
  4    260        6.946        0.000       -2.000  
  4    261        6.946        0.000       -2.000  
  4    262        6.946        0.000       -2.000  
  4    263        0.000        0.000       -0.800  
  4    264        0.000        0.000       -0.820  
  4    265        0.000       -4.961       -2.000  
  4    266        0.000        0.000       -0.800  
  4    267        0.000        0.000       -2.460  
  4    268        0.000        0.000       -3.280  
  4    269        0.000        0.000       -3.281  
  4    270        0.000        0.000       -3.280  
  4    271        0.000        0.000       -3.281  
  4    272        0.000        0.000       -3.280  
  4    273        0.000        0.000       -3.281  
  4    274        0.000        0.000       -3.280  
  4    275        0.000        0.000       -3.280  
  4    276        0.000        0.000       -3.280  
  4    277        0.000        0.000       -3.280  
  4    278        0.000        0.000       -3.280  
  4    279        0.000        0.000       -3.280  
  4    280        0.000        0.000       -2.460  
  4    281        0.000        0.000       -0.800  
  4    282        0.000        0.000       -0.800  
  4    283        0.000        0.000       -0.800  
  4    284        0.000        0.000       -2.460  
  4    285        0.000        0.000       -0.800  
  4    286        0.000        0.000       -0.800  
  4    287        0.000        0.000       -3.281  
  4    288        0.000        0.000       -3.281  
  4    289        0.000        0.000       -3.281  
  4    290        0.000        0.000       -3.280  
  4    291        0.000        0.000       -3.281  
  4    292        0.000        0.000       -3.281  
  4    293        0.000        0.000       -3.281  
  4    294        0.000        0.000       -3.295  
  4    295        0.000        0.000       -3.108  
  4    296        0.000        0.000       -3.108  
  4    297        0.000        0.000       -2.041  
  4    298        0.000        0.000       -2.041  
  4    299       -3.619        0.000       -2.000  
  4    300        0.000        0.000       -0.800  
  4    301        0.000        0.000       -0.587  
  4    302        0.000        0.000       -2.258  
  4    303        0.000        0.000       -3.295  
  4    304        0.000        0.000       -2.460  
  4    305        0.000        0.000       -0.800  
  4    306       -7.057        0.000       -2.000  
  4    307        0.000        0.000       -0.800  
  4    308       -6.946        0.000       -2.000  
  4    309        0.000        0.000       -0.800  
  4    310        0.000        0.000       -0.800  
  4    311        0.000        0.000       -2.460  
  4    312        0.000        0.000       -0.800  
  4    313        0.000        0.000       -0.800  
  4    314        0.000        0.000       -2.460  
  4    315       -6.946        0.000       -2.000  
  4    316       -6.946        0.000       -2.000  
  4    317       -6.946        0.000       -2.000  
  4    318       -6.946        0.000       -2.000  
  4    319        0.000        0.000       -0.800  
  4    320        0.000        0.000       -0.800  
  4    321        0.000        0.000       -3.280  
  4    322        0.000        0.000       -2.460  
  4    323        0.000        0.000       -3.280  
  4    324        0.000        0.000       -3.280  
  4    325        0.000        0.000       -3.280  
  4    326        0.000        0.000       -3.280  
  4    327        0.000        0.000       -3.280  
  4    328        0.000        0.000       -2.460  
  4    329        0.000       -4.961       -2.000  
  4    330        0.000        0.000       -3.281  
  4    331        0.000        0.000       -3.281  
  4    332        0.000        0.000       -2.041  
  4    333        0.000        0.000       -3.108  
  4    334        0.000        0.000       -3.295  
  4    335        0.000        0.000       -2.041  
  4    336        0.000        0.000       -3.108  
  4    337       -6.946        0.000       -2.000  
  4    338       -4.890        0.000       -2.000  
  4    339       -1.418       -1.076       -2.000  
  4    340        0.000       -3.493       -2.000  
  4    341        0.000       -4.961       -2.000  
  4    342        0.000        0.000       -0.800  
  4    343        0.000        0.000       -3.280  
  4    344        0.000        0.000       -3.280  
  4    345        0.000        0.000       -3.280  
  4    346        0.000        0.000       -3.280  
  4    347        0.000        0.000       -2.460  
  4    348        0.000        0.000       -3.281  
  4    349        0.000        0.000       -3.281  
  4    350        0.000        0.000       -0.800  
  4    351        0.000        0.000       -0.800  
  4    352        3.619        0.000       -2.000  
  4    353        0.000        0.000       -0.800  
  4    354        0.000        0.000       -0.820  
  4    355        0.000        0.000       -0.800  
  4    356        0.000        0.000       -0.820  
  4    357        0.000        0.000       -2.460  
  4    358        0.000        0.000       -3.281  
  4    359        0.000        0.000       -2.460  
  4    360        0.000        0.000       -2.041  
  4    361        0.000        0.000       -2.041  
  4    362        0.000        0.000       -2.258  
  4    363        0.000        0.000       -0.587  
  4    364        7.057        0.000       -2.000  
  4    366        4.187        0.000        0.000  
  4    368        4.111        0.000        0.000  
  4    370        4.111        0.000        0.000  
  4    372        4.111        0.000        0.000  
  4    374        4.111        0.000        0.000  
  4    376        4.111        0.000        0.000  
  4    378        4.111        0.000        0.000  
  4    380       -4.111        0.000        0.000  
  4    382       -4.111        0.000        0.000  
  4    384       -2.055        0.000        0.000  
  4    385        4.111        0.000        0.000  
  4    386        2.132        0.000        0.000  
  4    387       -2.132        0.000        0.000  
  4    388       -4.187        0.000        0.000  
  4    389       -4.111        0.000        0.000  
  4    390       -4.111        0.000        0.000  
  4    391       -4.111        0.000        0.000  
  4    392        0.000       -1.468        0.000  
  4    395       -2.100       -1.700        0.000  
  4    396        0.000       -2.936        0.000  
  4    397        0.000       -2.936        0.000  
  4    398        0.000       -2.936        0.000  
  4    399        0.000       -2.936        0.000  
  4    400        0.000       -2.936        0.000  
  4    401        0.000       -2.936        0.000  
  4    402        0.000       -3.208        0.000  
  4    403        2.055       -1.740        0.000  
  4    411       -4.111        0.000        0.000  
  4    418        0.000     -130.363        0.000  
  4    419        0.000     -130.000        0.000  
  4    420      -65.000      -65.000        0.000  