##
/DEADLOAD/
	1	0.000	0.000	-1118.000
	2	0.000	0.000	-3566.000
	3	0.000	0.000	-1963.000
	4	0.000	0.000	-1765.000
	5	0.000	0.000	-1831.000
	6	0.000	0.000	-1727.000
	7	0.000	0.000	-1134.000
	8	0.000	0.000	-1823.000
	9	0.000	0.000	-1822.000
	10	0.000	0.000	-1822.000
	11	0.000	0.000	-1822.000
	12	0.000	0.000	-4121.000
	13	0.000	0.000	-1952.000
	14	0.000	0.000	-1858.000
	15	0.000	0.000	-1823.000
	16	0.000	0.000	-1822.000
	17	0.000	0.000	-1822.000
	18	0.000	0.000	-4121.000
	19	0.000	0.000	-1952.000
	20	0.000	0.000	-1858.000
	21	0.000	0.000	-1823.000
	22	0.000	0.000	-1822.000
	23	0.000	0.000	-1822.000
	24	0.000	0.000	-4121.000
	25	0.000	0.000	-1952.000
	26	0.000	0.000	-1858.000
	27	0.000	0.000	-4121.000
	28	0.000	0.000	-1952.000
	29	0.000	0.000	-1858.000
	30	0.000	0.000	-4121.000
	31	0.000	0.000	-1952.000
	32	0.000	0.000	-1858.000
	33	0.000	0.000	-4121.000
	34	0.000	0.000	-1952.000
	35	0.000	0.000	-1858.000
	36	0.000	0.000	-1823.000
	37	0.000	0.000	-1822.000
	38	0.000	0.000	-1822.000
	39	0.000	0.000	-1822.000
	40	0.000	0.000	-1823.000
	41	0.000	0.000	-1823.000
	42	0.000	0.000	-3763.000
	43	0.000	0.000	-1671.000
	44	0.000	0.000	-3763.000
	45	0.000	0.000	-1671.000
	46	0.000	0.000	-3763.000
	47	0.000	0.000	-1822.000
	48	0.000	0.000	-1822.000
	49	0.000	0.000	-1822.000
	50	0.000	0.000	-1822.000
	51	0.000	0.000	-1822.000
	52	0.000	0.000	-1822.000
	53	0.000	0.000	-1822.000
	54	0.000	0.000	-1822.000
	55	0.000	0.000	-1822.000
	56	0.000	0.000	-1822.000
	57	0.000	0.000	-1822.000
	58	0.000	0.000	-1822.000
	59	0.000	0.000	-1823.000
	60	0.000	0.000	-1823.000
	61	0.000	0.000	-1823.000
	62	0.000	0.000	-1823.000
	63	0.000	0.000	-1831.000
	64	0.000	0.000	-1727.000
	65	0.000	0.000	-1831.000
	66	0.000	0.000	-1727.000
	67	0.000	0.000	-1831.000
	68	0.000	0.000	-1727.000
	69	0.000	0.000	-1831.000
	70	0.000	0.000	-1727.000
	71	0.000	0.000	-1679.000
	72	0.000	0.000	-1823.000
	73	0.000	0.000	-1671.000
	74	0.000	0.000	-1822.000
	75	0.000	0.000	-1823.000
	76	0.000	0.000	-1823.000
	77	0.000	0.000	-1822.000
	78	0.000	0.000	-1823.000
	79	0.000	0.000	-1823.000
	80	0.000	0.000	-1822.000
	81	0.000	0.000	-1823.000
	82	0.000	0.000	-1822.000
	83	0.000	0.000	-1822.000
	84	0.000	0.000	-1823.000
	85	0.000	0.000	-1823.000
	86	0.000	0.000	-1823.000
	87	0.000	0.000	-1823.000
	88	0.000	0.000	-1823.000
	89	0.000	0.000	-1822.000
	90	0.000	0.000	-1823.000
	91	0.000	0.000	-1671.000
	92	0.000	0.000	-1822.000
	93	0.000	0.000	-1671.000
	94	0.000	0.000	-1823.000
	95	0.000	0.000	-1823.000
	96	0.000	0.000	-1823.000
	97	0.000	0.000	-1823.000
	98	0.000	0.000	-1823.000
	99	0.000	0.000	-1823.000
	100	0.000	0.000	-1823.000
	101	0.000	0.000	-1823.000
	102	0.000	0.000	-1823.000
	103	0.000	0.000	-1823.000
	104	0.000	0.000	-1822.000
	105	0.000	0.000	-1822.000
	106	0.000	0.000	-1823.000
	107	0.000	0.000	-1823.000
	108	0.000	0.000	-1822.000
	109	0.000	0.000	-1822.000
	110	0.000	0.000	-1831.000
	111	0.000	0.000	-1727.000
	112	0.000	0.000	-1831.000
	113	0.000	0.000	-1727.000
	114	0.000	0.000	-1134.000
	115	0.000	0.000	-1134.000
	116	0.000	0.000	-1858.000
	117	0.000	0.000	-1706.000
	118	0.000	0.000	-1952.000
	119	0.000	0.000	-4121.000
	120	0.000	0.000	-707.000
	121	0.000	0.000	-1134.000
	122	0.000	0.000	-1134.000
	123	0.000	0.000	-1134.000
	124	0.000	0.000	-1134.000
	125	0.000	0.000	-971.000
	126	0.000	0.000	-646.000
	127	0.000	0.000	-3256.000
	128	0.000	0.000	-3763.000
	129	0.000	0.000	-3763.000
	130	0.000	0.000	-3763.000
	131	0.000	0.000	-1671.000
	132	0.000	0.000	-3763.000
	133	0.000	0.000	-1671.000
	134	0.000	0.000	-1822.000
	135	0.000	0.000	-1823.000
	136	0.000	0.000	-1823.000
	137	0.000	0.000	-1822.000
	138	0.000	0.000	-1822.000
	139	0.000	0.000	-1822.000
	140	0.000	0.000	-1822.000
	141	0.000	0.000	-1822.000
	142	0.000	0.000	-1822.000
	143	0.000	0.000	-1823.000
	144	0.000	0.000	-1671.000
	145	0.000	0.000	-3763.000
	146	0.000	0.000	-1671.000
	147	0.000	0.000	-3135.000
	148	0.000	0.000	-3161.000
	149	0.000	0.000	-1671.000
	151	0.000	0.000	-3369.000
	152	0.000	0.000	-3369.000
	153	0.000	0.000	-3763.000
	154	0.000	0.000	-3369.000
	155	0.000	0.000	-3369.000
	156	0.000	0.000	-3763.000
	157	0.000	0.000	-3599.000
	158	0.000	0.000	-1200.000
	159	0.000	0.000	-3463.000
	160	0.000	0.000	-1671.000
	161	0.000	0.000	-1671.000
	162	0.000	0.000	-1671.000
	163	0.000	0.000	-1823.000
	164	0.000	0.000	-1823.000
	165	0.000	0.000	-1822.000
	166	0.000	0.000	-1822.000
	167	0.000	0.000	-1822.000
	168	0.000	0.000	-1822.000
	169	0.000	0.000	-1671.000
	170	0.000	0.000	-1822.000
	171	0.000	0.000	-1823.000
	172	0.000	0.000	-1823.000
	173	0.000	0.000	-1823.000
	174	0.000	0.000	-1822.000
	175	0.000	0.000	-1823.000
	176	0.000	0.000	-1823.000
	177	0.000	0.000	-1822.000
	178	0.000	0.000	-1823.000
	179	0.000	0.000	-1823.000
	180	0.000	0.000	-1822.000
	181	0.000	0.000	-1822.000
	182	0.000	0.000	-1822.000
	183	0.000	0.000	-1822.000
	184	0.000	0.000	-1822.000
	185	0.000	0.000	-3645.000
	186	0.000	0.000	-3645.000
	187	0.000	0.000	-3645.000
	188	0.000	0.000	-3645.000
	189	0.000	0.000	-3645.000
	190	0.000	0.000	-3661.000
	191	0.000	0.000	-3454.000
	192	0.000	0.000	-3661.000
	193	0.000	0.000	-3645.000
	194	0.000	0.000	-3645.000
	195	0.000	0.000	-3645.000
	196	0.000	0.000	-3645.000
	197	0.000	0.000	-3645.000
	198	0.000	0.000	-2734.000
	199	0.000	0.000	-3645.000
	200	0.000	0.000	-3645.000
	201	0.000	0.000	-3645.000
	202	0.000	0.000	-3645.000
	203	0.000	0.000	-3645.000
	204	0.000	0.000	-3645.000
	205	0.000	0.000	-3645.000
	206	0.000	0.000	-3645.000
	207	0.000	0.000	-3645.000
	208	0.000	0.000	-3645.000
	209	0.000	0.000	-3661.000
	210	0.000	0.000	-3645.000
	211	0.000	0.000	-3645.000
	212	0.000	0.000	-3645.000
	213	0.000	0.000	-3645.000
	214	0.000	0.000	-3645.000
	215	0.000	0.000	-3645.000
	216	0.000	0.000	-3645.000
	217	0.000	0.000	-3645.000
	218	0.000	0.000	-2734.000
	219	0.000	0.000	-911.000
	220	0.000	0.000	-911.000
	221	0.000	0.000	-6615.000
	222	0.000	0.000	-6615.000
	223	0.000	0.000	-911.000
	224	0.000	0.000	-3645.000
	225	0.000	0.000	-3645.000
	226	0.000	0.000	-3645.000
	227	0.000	0.000	-3645.000
	228	0.000	0.000	-3645.000
	229	0.000	0.000	-3645.000
	230	0.000	0.000	-3645.000
	231	0.000	0.000	-3645.000
	232	0.000	0.000	-3645.000
	233	0.000	0.000	-3645.000
	234	0.000	0.000	-3645.000
	235	0.000	0.000	-3645.000
	236	0.000	0.000	-3645.000
	237	0.000	0.000	-3645.000
	238	0.000	0.000	-2734.000
	239	0.000	0.000	-911.000
	240	0.000	0.000	-6615.000
	241	0.000	0.000	-911.000
	242	0.000	0.000	-1823.000
	243	0.000	0.000	-3645.000
	244	0.000	0.000	-7429.000
	245	0.000	0.000	-6615.000
	246	0.000	0.000	-911.000
	247	0.000	0.000	-6615.000
	248	0.000	0.000	-6615.000
	249	0.000	0.000	-911.000
	250	0.000	0.000	-2734.000
	251	0.000	0.000	-911.000
	252	0.000	0.000	-2734.000
	253	0.000	0.000	-1823.000
	255	0.000	0.000	-7138.000
	256	0.000	0.000	-6615.000
	257	0.000	0.000	-2734.000
	258	0.000	0.000	-911.000
	259	0.000	0.000	-2734.000
	260	0.000	0.000	-911.000
	261	0.000	0.000	-6615.000
	262	0.000	0.000	-6615.000
	263	0.000	0.000	-6615.000
	264	0.000	0.000	-911.000
	265	0.000	0.000	-2734.000
	266	0.000	0.000	-6615.000
	267	0.000	0.000	-911.000
	268	0.000	0.000	-2734.000
	269	0.000	0.000	-3645.000
	270	0.000	0.000	-3645.000
	271	0.000	0.000	-3645.000
	272	0.000	0.000	-3645.000
	273	0.000	0.000	-3645.000
	274	0.000	0.000	-3645.000
	275	0.000	0.000	-3645.000
	276	0.000	0.000	-3645.000
	277	0.000	0.000	-3645.000
	278	0.000	0.000	-3645.000
	279	0.000	0.000	-3645.000
	280	0.000	0.000	-3645.000
	281	0.000	0.000	-3645.000
	282	0.000	0.000	-2734.000
	283	0.000	0.000	-911.000
	284	0.000	0.000	-2734.000
	285	0.000	0.000	-3645.000
	286	0.000	0.000	-911.000
	287	0.000	0.000	-2734.000
	288	0.000	0.000	-3645.000
	289	0.000	0.000	-3645.000
	290	0.000	0.000	-3645.000
	291	0.000	0.000	-3645.000
	292	0.000	0.000	-3645.000
	293	0.000	0.000	-3645.000
	294	0.000	0.000	-3645.000
	295	0.000	0.000	-3661.000
	296	0.000	0.000	-3454.000
	297	0.000	0.000	-3454.000
	298	0.000	0.000	-2267.000
	299	0.000	0.000	-2267.000
	300	0.000	0.000	-4099.000
	301	0.000	0.000	-1597.000
	302	0.000	0.000	-2267.000
	303	0.000	0.000	-3454.000
	304	0.000	0.000	-3661.000
	305	0.000	0.000	-3645.000
	306	0.000	0.000	-2750.000
	307	0.000	0.000	-6721.000
	308	0.000	0.000	-911.000
	309	0.000	0.000	-6615.000
	310	0.000	0.000	-911.000
	311	0.000	0.000	-2734.000
	312	0.000	0.000	-3645.000
	313	0.000	0.000	-2734.000
	314	0.000	0.000	-911.000
	315	0.000	0.000	-3645.000
	316	0.000	0.000	-6615.000
	317	0.000	0.000	-6615.000
	318	0.000	0.000	-6615.000
	319	0.000	0.000	-6615.000
	320	0.000	0.000	-911.000
	321	0.000	0.000	-2734.000
	322	0.000	0.000	-3645.000
	323	0.000	0.000	-3645.000
	324	0.000	0.000	-3645.000
	325	0.000	0.000	-3645.000
	326	0.000	0.000	-3645.000
	327	0.000	0.000	-3645.000
	328	0.000	0.000	-3645.000
	329	0.000	0.000	-2734.000
	330	0.000	0.000	-6615.000
	331	0.000	0.000	-3645.000
	332	0.000	0.000	-3645.000
	333	0.000	0.000	-2267.000
	334	0.000	0.000	-3454.000
	335	0.000	0.000	-3661.000
	336	0.000	0.000	-2267.000
	337	0.000	0.000	-3454.000
	338	0.000	0.000	-6615.000
	340	0.000	0.000	-1434.000
	341	0.000	0.000	-4658.000
	342	0.000	0.000	-6615.000
	343	0.000	0.000	-911.000
	344	0.000	0.000	-3645.000
	345	0.000	0.000	-3645.000
	346	0.000	0.000	-3645.000
	347	0.000	0.000	-3645.000
	348	0.000	0.000	-2734.000
	349	0.000	0.000	-3645.000
	350	0.000	0.000	-3645.000
	352	0.000	0.000	-911.000
	353	0.000	0.000	-4220.000
	354	0.000	0.000	-1718.000
	355	0.000	0.000	-2750.000
	356	0.000	0.000	-911.000
	357	0.000	0.000	-2734.000
	358	0.000	0.000	-3645.000
	359	0.000	0.000	-3645.000
	360	0.000	0.000	-3645.000
	361	0.000	0.000	-2267.000
	362	0.000	0.000	-2267.000
	363	0.000	0.000	-3454.000
	364	0.000	0.000	-2388.000
	365	0.000	0.000	-6721.000
	366	0.000	0.000	-1696.000
	367	0.000	0.000	-6516.000
	368	0.000	0.000	-2497.000
	369	0.000	0.000	-6413.000
	370	0.000	0.000	-2497.000
	371	0.000	0.000	-6412.000
	372	0.000	0.000	-2497.000
	373	0.000	0.000	-6413.000
	374	0.000	0.000	-2497.000
	375	0.000	0.000	-6412.000
	376	0.000	0.000	-2497.000
	377	0.000	0.000	-6413.000
	378	0.000	0.000	-2497.000
	379	0.000	0.000	-6413.000
	380	0.000	0.000	-2497.000
	381	0.000	0.000	-5738.000
	382	0.000	0.000	-1823.000
	383	0.000	0.000	-5738.000
	384	0.000	0.000	-1823.000
	386	0.000	0.000	-6413.000
	387	0.000	0.000	-2893.000
	388	0.000	0.000	-2660.000
	389	0.000	0.000	-5833.000
	390	0.000	0.000	-5738.000
	391	0.000	0.000	-5738.000
	392	0.000	0.000	-5738.000
	393	0.000	0.000	-3780.000
	394	0.000	0.000	-1823.000
	395	0.000	0.000	-2430.000
	397	0.000	0.000	-5738.000
	398	0.000	0.000	-5738.000
	399	0.000	0.000	-5738.000
	400	0.000	0.000	-5738.000
	401	0.000	0.000	-5738.000
	402	0.000	0.000	-5738.000
	403	0.000	0.000	-6213.000
	404	0.000	0.000	-5830.000
	405	0.000	0.000	-2992.000
	406	0.000	0.000	-1822.000
	407	0.000	0.000	-1822.000
	408	0.000	0.000	-1823.000
	409	0.000	0.000	-1822.000
	410	0.000	0.000	-1822.000
	411	0.000	0.000	-1823.000
	412	0.000	0.000	-5738.000
	415	0.000	0.000	-1823.000
	416	0.000	0.000	-1822.000
	417	0.000	0.000	-1823.000
	418	0.000	0.000	-1822.000
	419	0.000	0.000	-1822.000
	420	0.000	0.000	-1237.000
	1001	0.000	0.000	-788.000
	1001	0.000	0.000	-788.000
	1001	0.000	0.000	-788.000
	1001	0.000	0.000	-788.000
	1002	0.000	0.000	-788.000
	1002	0.000	0.000	-788.000
	1002	0.000	0.000	-788.000
	1002	0.000	0.000	-788.000
	1083	0.000	0.000	-994.000
	1155	0.000	0.000	-994.000
	1155	0.000	0.000	-994.000
	1155	0.000	0.000	-994.000
##
/LIVELOAD/
	1	1	0.000	0.000	-1118.000
	1	2	0.000	0.000	-1249.000
	1	3	0.000	0.000	-1963.000
	1	4	0.000	0.000	-1765.000
	1	5	0.000	0.000	-1831.000
	1	6	0.000	0.000	-1727.000
	1	7	0.000	0.000	-1134.000
	1	8	0.000	0.000	-1823.000
	1	9	0.000	0.000	-1822.000
	1	10	0.000	0.000	-1822.000
	1	11	0.000	0.000	-1822.000
	1	12	0.000	0.000	-1421.000
	1	13	0.000	0.000	-1952.000
	1	14	0.000	0.000	-1858.000
	1	15	0.000	0.000	-1823.000
	1	16	0.000	0.000	-1822.000
	1	17	0.000	0.000	-1822.000
	1	18	0.000	0.000	-1421.000
	1	19	0.000	0.000	-1952.000
	1	20	0.000	0.000	-1858.000
	1	21	0.000	0.000	-1823.000
	1	22	0.000	0.000	-1822.000
	1	23	0.000	0.000	-1822.000
	1	24	0.000	0.000	-1421.000
	1	25	0.000	0.000	-1952.000
	1	26	0.000	0.000	-1858.000
	1	27	0.000	0.000	-1421.000
	1	28	0.000	0.000	-1952.000
	1	29	0.000	0.000	-1858.000
	1	30	0.000	0.000	-1421.000
	1	31	0.000	0.000	-1952.000
	1	32	0.000	0.000	-1858.000
	1	33	0.000	0.000	-1421.000
	1	34	0.000	0.000	-1952.000
	1	35	0.000	0.000	-1858.000
	1	36	0.000	0.000	-1823.000
	1	37	0.000	0.000	-1822.000
	1	38	0.000	0.000	-1822.000
	1	39	0.000	0.000	-1822.000
	1	40	0.000	0.000	-1823.000
	1	41	0.000	0.000	-1823.000
	1	42	0.000	0.000	-1063.000
	1	43	0.000	0.000	-1671.000
	1	44	0.000	0.000	-1063.000
	1	45	0.000	0.000	-1671.000
	1	46	0.000	0.000	-1063.000
	1	47	0.000	0.000	-1822.000
	1	48	0.000	0.000	-1822.000
	1	49	0.000	0.000	-1822.000
	1	50	0.000	0.000	-1822.000
	1	51	0.000	0.000	-1822.000
	1	52	0.000	0.000	-1822.000
	1	53	0.000	0.000	-1822.000
	1	54	0.000	0.000	-1822.000
	1	55	0.000	0.000	-1822.000
	1	56	0.000	0.000	-1822.000
	1	57	0.000	0.000	-1822.000
	1	58	0.000	0.000	-1822.000
	1	59	0.000	0.000	-1823.000
	1	60	0.000	0.000	-1823.000
	1	61	0.000	0.000	-1823.000
	1	62	0.000	0.000	-1823.000
	1	63	0.000	0.000	-1831.000
	1	64	0.000	0.000	-1727.000
	1	65	0.000	0.000	-1831.000
	1	66	0.000	0.000	-1727.000
	1	67	0.000	0.000	-1831.000
	1	68	0.000	0.000	-1727.000
	1	69	0.000	0.000	-1831.000
	1	70	0.000	0.000	-1727.000
	1	71	0.000	0.000	-1679.000
	1	72	0.000	0.000	-1823.000
	1	73	0.000	0.000	-1671.000
	1	74	0.000	0.000	-1822.000
	1	75	0.000	0.000	-1823.000
	1	76	0.000	0.000	-1823.000
	1	77	0.000	0.000	-1822.000
	1	78	0.000	0.000	-1823.000
	1	79	0.000	0.000	-1823.000
	1	80	0.000	0.000	-1822.000
	1	81	0.000	0.000	-1823.000
	1	82	0.000	0.000	-1822.000
	1	83	0.000	0.000	-1822.000
	1	84	0.000	0.000	-1823.000
	1	85	0.000	0.000	-1823.000
	1	86	0.000	0.000	-1823.000
	1	87	0.000	0.000	-1823.000
	1	88	0.000	0.000	-1823.000
	1	89	0.000	0.000	-1822.000
	1	90	0.000	0.000	-1823.000
	1	91	0.000	0.000	-1671.000
	1	92	0.000	0.000	-1822.000
	1	93	0.000	0.000	-1671.000
	1	94	0.000	0.000	-1823.000
	1	95	0.000	0.000	-1823.000
	1	96	0.000	0.000	-1823.000
	1	97	0.000	0.000	-1823.000
	1	98	0.000	0.000	-1823.000
	1	99	0.000	0.000	-1823.000
	1	100	0.000	0.000	-1823.000
	1	101	0.000	0.000	-1823.000
	1	102	0.000	0.000	-1823.000
	1	103	0.000	0.000	-1823.000
	1	104	0.000	0.000	-1822.000
	1	105	0.000	0.000	-1822.000
	1	106	0.000	0.000	-1823.000
	1	107	0.000	0.000	-1823.000
	1	108	0.000	0.000	-1822.000
	1	109	0.000	0.000	-1822.000
	1	110	0.000	0.000	-1831.000
	1	111	0.000	0.000	-1727.000
	1	112	0.000	0.000	-1831.000
	1	113	0.000	0.000	-1727.000
	1	114	0.000	0.000	-1134.000
	1	115	0.000	0.000	-1134.000
	1	116	0.000	0.000	-1858.000
	1	117	0.000	0.000	-1706.000
	1	118	0.000	0.000	-1952.000
	1	119	0.000	0.000	-1421.000
	1	120	0.000	0.000	-224.000
	1	121	0.000	0.000	-1134.000
	1	122	0.000	0.000	-1134.000
	1	123	0.000	0.000	-1134.000
	1	124	0.000	0.000	-1134.000
	1	125	0.000	0.000	-971.000
	1	126	0.000	0.000	-163.000
	1	127	0.000	0.000	-939.000
	1	128	0.000	0.000	-1063.000
	1	129	0.000	0.000	-1063.000
	1	130	0.000	0.000	-1063.000
	1	131	0.000	0.000	-1671.000
	1	132	0.000	0.000	-1063.000
	1	133	0.000	0.000	-1671.000
	1	134	0.000	0.000	-1822.000
	1	135	0.000	0.000	-1823.000
	1	136	0.000	0.000	-1823.000
	1	137	0.000	0.000	-1822.000
	1	138	0.000	0.000	-1822.000
	1	139	0.000	0.000	-1822.000
	1	140	0.000	0.000	-1822.000
	1	141	0.000	0.000	-1822.000
	1	142	0.000	0.000	-1822.000
	1	143	0.000	0.000	-1823.000
	1	144	0.000	0.000	-1671.000
	1	145	0.000	0.000	-1063.000
	1	146	0.000	0.000	-1671.000
	1	147	0.000	0.000	-911.000
	1	148	0.000	0.000	-911.000
	1	149	0.000	0.000	-1671.000
	1	151	0.000	0.000	-911.000
	1	152	0.000	0.000	-911.000
	1	153	0.000	0.000	-1063.000
	1	154	0.000	0.000	-911.000
	1	155	0.000	0.000	-911.000
	1	156	0.000	0.000	-1063.000
	1	157	0.000	0.000	-1052.000
	1	158	0.000	0.000	-208.000
	1	159	0.000	0.000	-1213.000
	1	160	0.000	0.000	-1671.000
	1	161	0.000	0.000	-1671.000
	1	162	0.000	0.000	-1671.000
	1	163	0.000	0.000	-1823.000
	1	164	0.000	0.000	-1823.000
	1	165	0.000	0.000	-1822.000
	1	166	0.000	0.000	-1822.000
	1	167	0.000	0.000	-1822.000
	1	168	0.000	0.000	-1822.000
	1	169	0.000	0.000	-1671.000
	1	170	0.000	0.000	-1822.000
	1	171	0.000	0.000	-1823.000
	1	172	0.000	0.000	-1823.000
	1	173	0.000	0.000	-1823.000
	1	174	0.000	0.000	-1822.000
	1	175	0.000	0.000	-1823.000
	1	176	0.000	0.000	-1823.000
	1	177	0.000	0.000	-1822.000
	1	178	0.000	0.000	-1823.000
	1	179	0.000	0.000	-1823.000
	1	180	0.000	0.000	-1822.000
	1	181	0.000	0.000	-1822.000
	1	182	0.000	0.000	-1822.000
	1	183	0.000	0.000	-1822.000
	1	184	0.000	0.000	-1822.000
	1	185	0.000	0.000	-3645.000
	1	186	0.000	0.000	-3645.000
	1	187	0.000	0.000	-3645.000
	1	188	0.000	0.000	-3645.000
	1	189	0.000	0.000	-3645.000
	1	190	0.000	0.000	-3661.000
	1	191	0.000	0.000	-3454.000
	1	192	0.000	0.000	-3661.000
	1	193	0.000	0.000	-3645.000
	1	194	0.000	0.000	-3645.000
	1	195	0.000	0.000	-3645.000
	1	196	0.000	0.000	-3645.000
	1	197	0.000	0.000	-3645.000
	1	198	0.000	0.000	-2734.000
	1	199	0.000	0.000	-3645.000
	1	200	0.000	0.000	-3645.000
	1	201	0.000	0.000	-3645.000
	1	202	0.000	0.000	-3645.000
	1	203	0.000	0.000	-3645.000
	1	204	0.000	0.000	-3645.000
	1	205	0.000	0.000	-3645.000
	1	206	0.000	0.000	-3645.000
	1	207	0.000	0.000	-3645.000
	1	208	0.000	0.000	-3645.000
	1	209	0.000	0.000	-3661.000
	1	210	0.000	0.000	-3645.000
	1	211	0.000	0.000	-3645.000
	1	212	0.000	0.000	-3645.000
	1	213	0.000	0.000	-3645.000
	1	214	0.000	0.000	-3645.000
	1	215	0.000	0.000	-3645.000
	1	216	0.000	0.000	-3645.000
	1	217	0.000	0.000	-3645.000
	1	218	0.000	0.000	-2734.000
	1	219	0.000	0.000	-911.000
	1	220	0.000	0.000	-911.000
	1	223	0.000	0.000	-911.000
	1	224	0.000	0.000	-3645.000
	1	225	0.000	0.000	-3645.000
	1	226	0.000	0.000	-3645.000
	1	227	0.000	0.000	-3645.000
	1	228	0.000	0.000	-3645.000
	1	229	0.000	0.000	-3645.000
	1	230	0.000	0.000	-3645.000
	1	231	0.000	0.000	-3645.000
	1	232	0.000	0.000	-3645.000
	1	233	0.000	0.000	-3645.000
	1	234	0.000	0.000	-3645.000
	1	235	0.000	0.000	-3645.000
	1	236	0.000	0.000	-3645.000
	1	237	0.000	0.000	-3645.000
	1	238	0.000	0.000	-2734.000
	1	239	0.000	0.000	-911.000
	1	241	0.000	0.000	-911.000
	1	242	0.000	0.000	-1823.000
	1	243	0.000	0.000	-3645.000
	1	246	0.000	0.000	-911.000
	1	249	0.000	0.000	-911.000
	1	250	0.000	0.000	-2734.000
	1	251	0.000	0.000	-911.000
	1	252	0.000	0.000	-2734.000
	1	253	0.000	0.000	-1823.000
	1	257	0.000	0.000	-2734.000
	1	258	0.000	0.000	-911.000
	1	259	0.000	0.000	-2734.000
	1	260	0.000	0.000	-911.000
	1	264	0.000	0.000	-911.000
	1	265	0.000	0.000	-2734.000
	1	267	0.000	0.000	-911.000
	1	268	0.000	0.000	-2734.000
	1	269	0.000	0.000	-3645.000
	1	270	0.000	0.000	-3645.000
	1	271	0.000	0.000	-3645.000
	1	272	0.000	0.000	-3645.000
	1	273	0.000	0.000	-3645.000
	1	274	0.000	0.000	-3645.000
	1	275	0.000	0.000	-3645.000
	1	276	0.000	0.000	-3645.000
	1	277	0.000	0.000	-3645.000
	1	278	0.000	0.000	-3645.000
	1	279	0.000	0.000	-3645.000
	1	280	0.000	0.000	-3645.000
	1	281	0.000	0.000	-3645.000
	1	282	0.000	0.000	-2734.000
	1	283	0.000	0.000	-911.000
	1	284	0.000	0.000	-2734.000
	1	285	0.000	0.000	-3645.000
	1	286	0.000	0.000	-911.000
	1	287	0.000	0.000	-2734.000
	1	288	0.000	0.000	-3645.000
	1	289	0.000	0.000	-3645.000
	1	290	0.000	0.000	-3645.000
	1	291	0.000	0.000	-3645.000
	1	292	0.000	0.000	-3645.000
	1	293	0.000	0.000	-3645.000
	1	294	0.000	0.000	-3645.000
	1	295	0.000	0.000	-3661.000
	1	296	0.000	0.000	-3454.000
	1	297	0.000	0.000	-3454.000
	1	298	0.000	0.000	-2267.000
	1	299	0.000	0.000	-2267.000
	1	300	0.000	0.000	-653.000
	1	301	0.000	0.000	-1597.000
	1	302	0.000	0.000	-2267.000
	1	303	0.000	0.000	-3454.000
	1	304	0.000	0.000	-3661.000
	1	305	0.000	0.000	-3645.000
	1	306	0.000	0.000	-2750.000
	1	308	0.000	0.000	-911.000
	1	310	0.000	0.000	-911.000
	1	311	0.000	0.000	-2734.000
	1	312	0.000	0.000	-3645.000
	1	313	0.000	0.000	-2734.000
	1	314	0.000	0.000	-911.000
	1	315	0.000	0.000	-3645.000
	1	320	0.000	0.000	-911.000
	1	321	0.000	0.000	-2734.000
	1	322	0.000	0.000	-3645.000
	1	323	0.000	0.000	-3645.000
	1	324	0.000	0.000	-3645.000
	1	325	0.000	0.000	-3645.000
	1	326	0.000	0.000	-3645.000
	1	327	0.000	0.000	-3645.000
	1	328	0.000	0.000	-3645.000
	1	329	0.000	0.000	-2734.000
	1	331	0.000	0.000	-3645.000
	1	332	0.000	0.000	-3645.000
	1	333	0.000	0.000	-2267.000
	1	334	0.000	0.000	-3454.000
	1	335	0.000	0.000	-3661.000
	1	336	0.000	0.000	-2267.000
	1	337	0.000	0.000	-3454.000
	1	343	0.000	0.000	-911.000
	1	344	0.000	0.000	-3645.000
	1	345	0.000	0.000	-3645.000
	1	346	0.000	0.000	-3645.000
	1	347	0.000	0.000	-3645.000
	1	348	0.000	0.000	-2734.000
	1	349	0.000	0.000	-3645.000
	1	350	0.000	0.000	-3645.000
	1	352	0.000	0.000	-911.000
	1	353	0.000	0.000	-773.000
	1	354	0.000	0.000	-1718.000
	1	355	0.000	0.000	-2750.000
	1	356	0.000	0.000	-911.000
	1	357	0.000	0.000	-2734.000
	1	358	0.000	0.000	-3645.000
	1	359	0.000	0.000	-3645.000
	1	360	0.000	0.000	-3645.000
	1	361	0.000	0.000	-2267.000
	1	362	0.000	0.000	-2267.000
	1	363	0.000	0.000	-3454.000
	1	364	0.000	0.000	-2388.000
	1	366	0.000	0.000	-1696.000
	1	367	0.000	0.000	-2528.000
	1	368	0.000	0.000	-2497.000
	1	369	0.000	0.000	-2497.000
	1	370	0.000	0.000	-2497.000
	1	371	0.000	0.000	-2497.000
	1	372	0.000	0.000	-2497.000
	1	373	0.000	0.000	-2497.000
	1	374	0.000	0.000	-2497.000
	1	375	0.000	0.000	-2497.000
	1	376	0.000	0.000	-2497.000
	1	377	0.000	0.000	-2497.000
	1	378	0.000	0.000	-2497.000
	1	379	0.000	0.000	-2497.000
	1	380	0.000	0.000	-2497.000
	1	381	0.000	0.000	-1823.000
	1	382	0.000	0.000	-1823.000
	1	383	0.000	0.000	-1822.000
	1	384	0.000	0.000	-1823.000
	1	385	0.000	0.000	-1822.000
	1	386	0.000	0.000	-2497.000
	1	387	0.000	0.000	-863.000
	1	388	0.000	0.000	-630.000
	1	389	0.000	0.000	-1845.000
	1	390	0.000	0.000	-1822.000
	1	391	0.000	0.000	-1823.000
	1	392	0.000	0.000	-1822.000
	1	393	0.000	0.000	-1822.000
	1	394	0.000	0.000	-1823.000
	1	395	0.000	0.000	-2430.000
	1	396	0.000	0.000	-1215.000
	1	397	0.000	0.000	-1822.000
	1	398	0.000	0.000	-1823.000
	1	399	0.000	0.000	-1822.000
	1	400	0.000	0.000	-1823.000
	1	401	0.000	0.000	-1822.000
	1	402	0.000	0.000	-1823.000
	1	403	0.000	0.000	-1935.000
	1	404	0.000	0.000	-1552.000
	1	405	0.000	0.000	-2992.000
	1	406	0.000	0.000	-1822.000
	1	407	0.000	0.000	-1822.000
	1	408	0.000	0.000	-1823.000
	1	409	0.000	0.000	-1822.000
	1	410	0.000	0.000	-1822.000
	1	411	0.000	0.000	-1823.000
	1	412	0.000	0.000	-1823.000
	1	415	0.000	0.000	-1823.000
	1	416	0.000	0.000	-1822.000
	1	417	0.000	0.000	-1823.000
	1	418	0.000	0.000	-1822.000
	1	419	0.000	0.000	-1822.000
	1	420	0.000	0.000	-1237.000
	1	1001	0.000	0.000	-304.000
	1	1001	0.000	0.000	-304.000
	1	1001	0.000	0.000	-304.000
	1	1001	0.000	0.000	-304.000
	1	1002	0.000	0.000	-304.000
	1	1002	0.000	0.000	-304.000
	1	1002	0.000	0.000	-304.000
	1	1002	0.000	0.000	-304.000
	1	1083	0.000	0.000	-152.000
	1	1155	0.000	0.000	-152.000
	1	1155	0.000	0.000	-152.000
	1	1155	0.000	0.000	-152.000
	2	186	0.000	0.000	-911.000
	2	187	0.000	0.000	-2734.000
	2	188	0.000	0.000	-911.000
	2	190	0.000	0.000	-911.000
	2	209	0.000	0.000	-3661.000
	2	210	0.000	0.000	-2734.000
	2	211	0.000	0.000	-3645.000
	2	212	0.000	0.000	-3645.000
	2	213	0.000	0.000	-2734.000
	2	214	0.000	0.000	-911.000
	2	215	0.000	0.000	-911.000
	2	216	0.000	0.000	-911.000
	2	217	0.000	0.000	-911.000
	2	218	0.000	0.000	-911.000
	2	223	0.000	0.000	-911.000
	2	224	0.000	0.000	-2734.000
	2	225	0.000	0.000	-2734.000
	2	226	0.000	0.000	-2734.000
	2	227	0.000	0.000	-2734.000
	2	228	0.000	0.000	-3645.000
	2	229	0.000	0.000	-3645.000
	2	230	0.000	0.000	-3645.000
	2	231	0.000	0.000	-3645.000
	2	232	0.000	0.000	-3645.000
	2	233	0.000	0.000	-3645.000
	2	234	0.000	0.000	-3645.000
	2	235	0.000	0.000	-3645.000
	2	236	0.000	0.000	-3645.000
	2	237	0.000	0.000	-3645.000
	2	238	0.000	0.000	-2734.000
	2	239	0.000	0.000	-911.000
	2	241	0.000	0.000	-911.000
	2	242	0.000	0.000	-1823.000
	2	243	0.000	0.000	-3645.000
	2	267	0.000	0.000	-911.000
	2	268	0.000	0.000	-2734.000
	2	269	0.000	0.000	-3645.000
	2	270	0.000	0.000	-3645.000
	2	271	0.000	0.000	-3645.000
	2	272	0.000	0.000	-3645.000
	2	273	0.000	0.000	-3645.000
	2	274	0.000	0.000	-3645.000
	2	275	0.000	0.000	-3645.000
	2	276	0.000	0.000	-3645.000
	2	277	0.000	0.000	-3645.000
	2	278	0.000	0.000	-3645.000
	2	279	0.000	0.000	-3645.000
	2	280	0.000	0.000	-3645.000
	2	281	0.000	0.000	-3645.000
	2	282	0.000	0.000	-2734.000
	2	283	0.000	0.000	-911.000
	2	284	0.000	0.000	-2734.000
	2	285	0.000	0.000	-3645.000
	2	286	0.000	0.000	-911.000
	2	287	0.000	0.000	-2734.000
	2	288	0.000	0.000	-3645.000
	2	289	0.000	0.000	-3645.000
	2	290	0.000	0.000	-3645.000
	2	291	0.000	0.000	-3645.000
	2	292	0.000	0.000	-3645.000
	2	293	0.000	0.000	-3645.000
	2	294	0.000	0.000	-3645.000
	2	295	0.000	0.000	-3661.000
	2	296	0.000	0.000	-3454.000
	2	297	0.000	0.000	-2509.000
	2	298	0.000	0.000	-2267.000
	2	299	0.000	0.000	-2267.000
	2	300	0.000	0.000	-653.000
	2	301	0.000	0.000	-1597.000
	2	302	0.000	0.000	-2267.000
	2	303	0.000	0.000	-3454.000
	2	304	0.000	0.000	-3661.000
	2	305	0.000	0.000	-3645.000
	2	306	0.000	0.000	-2750.000
	2	308	0.000	0.000	-911.000
	2	310	0.000	0.000	-911.000
	2	311	0.000	0.000	-2734.000
	2	312	0.000	0.000	-3645.000
	2	313	0.000	0.000	-2734.000
	2	314	0.000	0.000	-911.000
	2	315	0.000	0.000	-3645.000
	2	320	0.000	0.000	-911.000
	2	321	0.000	0.000	-2734.000
	2	322	0.000	0.000	-3645.000
	2	323	0.000	0.000	-3645.000
	2	324	0.000	0.000	-3645.000
	2	325	0.000	0.000	-3645.000
	2	326	0.000	0.000	-3645.000
	2	327	0.000	0.000	-3645.000
	2	328	0.000	0.000	-3645.000
	2	329	0.000	0.000	-2734.000
	2	331	0.000	0.000	-3645.000
	2	332	0.000	0.000	-3645.000
	2	333	0.000	0.000	-2267.000
	2	334	0.000	0.000	-3454.000
	2	335	0.000	0.000	-3661.000
	2	336	0.000	0.000	-2267.000
	2	337	0.000	0.000	-3454.000
	2	343	0.000	0.000	-911.000
	2	344	0.000	0.000	-3645.000
	2	345	0.000	0.000	-3645.000
	2	346	0.000	0.000	-3645.000
	2	347	0.000	0.000	-3645.000
	2	348	0.000	0.000	-2734.000
	2	349	0.000	0.000	-3645.000
	2	350	0.000	0.000	-3645.000
	2	352	0.000	0.000	-911.000
	2	361	0.000	0.000	-653.000
	2	381	0.000	0.000	-1823.000
	2	382	0.000	0.000	-1823.000
	2	383	0.000	0.000	-1822.000
	2	384	0.000	0.000	-1823.000
	2	385	0.000	0.000	-1822.000
	2	388	0.000	0.000	-630.000
	2	389	0.000	0.000	-1845.000
	2	390	0.000	0.000	-1822.000
	2	391	0.000	0.000	-1823.000
	2	392	0.000	0.000	-1822.000
	2	393	0.000	0.000	-1822.000
	2	394	0.000	0.000	-1823.000
	2	395	0.000	0.000	-2430.000
	2	396	0.000	0.000	-1215.000
	2	397	0.000	0.000	-1822.000
	2	398	0.000	0.000	-1823.000
	2	399	0.000	0.000	-1822.000
	2	400	0.000	0.000	-608.000
	2	409	0.000	0.000	-1215.000
	2	410	0.000	0.000	-1822.000
	2	411	0.000	0.000	-1823.000
	2	412	0.000	0.000	-1823.000
	2	415	0.000	0.000	-1823.000
	2	416	0.000	0.000	-1822.000
	2	417	0.000	0.000	-1823.000
	2	418	0.000	0.000	-1822.000
	2	419	0.000	0.000	-1822.000
	2	420	0.000	0.000	-1237.000
	3	185	0.000	0.000	-3645.000
	3	186	0.000	0.000	-3645.000
	3	187	0.000	0.000	-3645.000
	3	188	0.000	0.000	-3645.000
	3	189	0.000	0.000	-3645.000
	3	190	0.000	0.000	-3661.000
	3	191	0.000	0.000	-3454.000
	3	192	0.000	0.000	-3661.000
	3	193	0.000	0.000	-3645.000
	3	194	0.000	0.000	-3645.000
	3	195	0.000	0.000	-3645.000
	3	196	0.000	0.000	-3645.000
	3	197	0.000	0.000	-3645.000
	3	198	0.000	0.000	-2734.000
	3	199	0.000	0.000	-3645.000
	3	200	0.000	0.000	-3645.000
	3	201	0.000	0.000	-3645.000
	3	202	0.000	0.000	-3645.000
	3	203	0.000	0.000	-3645.000
	3	204	0.000	0.000	-3645.000
	3	205	0.000	0.000	-3645.000
	3	206	0.000	0.000	-3645.000
	3	207	0.000	0.000	-3645.000
	3	208	0.000	0.000	-3645.000
	3	209	0.000	0.000	-3661.000
	3	210	0.000	0.000	-3645.000
	3	211	0.000	0.000	-3645.000
	3	212	0.000	0.000	-3645.000
	3	213	0.000	0.000	-3645.000
	3	214	0.000	0.000	-3645.000
	3	215	0.000	0.000	-3645.000
	3	216	0.000	0.000	-3645.000
	3	217	0.000	0.000	-3645.000
	3	218	0.000	0.000	-2734.000
	3	219	0.000	0.000	-911.000
	3	220	0.000	0.000	-911.000
	3	223	0.000	0.000	-911.000
	3	224	0.000	0.000	-3645.000
	3	225	0.000	0.000	-3645.000
	3	226	0.000	0.000	-3645.000
	3	227	0.000	0.000	-3645.000
	3	228	0.000	0.000	-3645.000
	3	229	0.000	0.000	-3645.000
	3	230	0.000	0.000	-3645.000
	3	231	0.000	0.000	-2734.000
	3	232	0.000	0.000	-911.000
	3	233	0.000	0.000	-2734.000
	3	234	0.000	0.000	-3645.000
	3	246	0.000	0.000	-911.000
	3	249	0.000	0.000	-911.000
	3	250	0.000	0.000	-2734.000
	3	251	0.000	0.000	-911.000
	3	252	0.000	0.000	-2734.000
	3	253	0.000	0.000	-1823.000
	3	257	0.000	0.000	-2734.000
	3	258	0.000	0.000	-911.000
	3	259	0.000	0.000	-2734.000
	3	260	0.000	0.000	-911.000
	3	264	0.000	0.000	-911.000
	3	265	0.000	0.000	-2734.000
	3	267	0.000	0.000	-911.000
	3	268	0.000	0.000	-2734.000
	3	269	0.000	0.000	-3645.000
	3	270	0.000	0.000	-3645.000
	3	271	0.000	0.000	-3645.000
	3	272	0.000	0.000	-3645.000
	3	273	0.000	0.000	-3645.000
	3	274	0.000	0.000	-3645.000
	3	275	0.000	0.000	-3645.000
	3	276	0.000	0.000	-2734.000
	3	277	0.000	0.000	-911.000
	3	294	0.000	0.000	-911.000
	3	295	0.000	0.000	-2750.000
	3	296	0.000	0.000	-3454.000
	3	297	0.000	0.000	-3454.000
	3	298	0.000	0.000	-2267.000
	3	299	0.000	0.000	-1615.000
	3	326	0.000	0.000	-911.000
	3	327	0.000	0.000	-2734.000
	3	328	0.000	0.000	-2734.000
	3	329	0.000	0.000	-1822.000
	3	331	0.000	0.000	-2734.000
	3	332	0.000	0.000	-911.000
	3	337	0.000	0.000	-945.000
	3	344	0.000	0.000	-911.000
	3	345	0.000	0.000	-911.000
	3	353	0.000	0.000	-773.000
	3	354	0.000	0.000	-1718.000
	3	355	0.000	0.000	-2750.000
	3	356	0.000	0.000	-911.000
	3	357	0.000	0.000	-2734.000
	3	358	0.000	0.000	-3645.000
	3	359	0.000	0.000	-3645.000
	3	360	0.000	0.000	-3645.000
	3	361	0.000	0.000	-2267.000
	3	362	0.000	0.000	-2267.000
	3	363	0.000	0.000	-3454.000
	3	364	0.000	0.000	-2388.000
	3	366	0.000	0.000	-1696.000
	3	367	0.000	0.000	-2528.000
	3	368	0.000	0.000	-2497.000
	3	369	0.000	0.000	-2497.000
	3	370	0.000	0.000	-2497.000
	3	371	0.000	0.000	-2497.000
	3	372	0.000	0.000	-2497.000
	3	373	0.000	0.000	-2497.000
	3	374	0.000	0.000	-2497.000
	3	375	0.000	0.000	-2497.000
	3	376	0.000	0.000	-2497.000
	3	377	0.000	0.000	-2497.000
	3	378	0.000	0.000	-2497.000
	3	379	0.000	0.000	-2497.000
	3	380	0.000	0.000	-2497.000
	3	386	0.000	0.000	-2497.000
	3	387	0.000	0.000	-863.000
	3	400	0.000	0.000	-1215.000
	3	401	0.000	0.000	-1822.000
	3	402	0.000	0.000	-1823.000
	3	403	0.000	0.000	-1935.000
	3	404	0.000	0.000	-1552.000
	3	405	0.000	0.000	-2992.000
	3	406	0.000	0.000	-1822.000
	3	407	0.000	0.000	-1822.000
	3	408	0.000	0.000	-1823.000
	3	409	0.000	0.000	-608.000
	4	193	0.000	0.000	-3645.000
	4	194	0.000	0.000	-3645.000
	4	195	0.000	0.000	-3645.000
	4	196	0.000	0.000	-3645.000
	4	197	0.000	0.000	-3645.000
	4	198	0.000	0.000	-2734.000
	4	199	0.000	0.000	-3645.000
	4	200	0.000	0.000	-3645.000
	4	201	0.000	0.000	-3645.000
	4	202	0.000	0.000	-3645.000
	4	203	0.000	0.000	-3645.000
	4	204	0.000	0.000	-2734.000
	4	205	0.000	0.000	-911.000
	4	207	0.000	0.000	-911.000
	4	208	0.000	0.000	-3645.000
	4	213	0.000	0.000	-911.000
	4	214	0.000	0.000	-2734.000
	4	215	0.000	0.000	-3645.000
	4	216	0.000	0.000	-3645.000
	4	217	0.000	0.000	-3645.000
	4	218	0.000	0.000	-2734.000
	4	219	0.000	0.000	-911.000
	4	220	0.000	0.000	-911.000
	4	223	0.000	0.000	-911.000
	4	224	0.000	0.000	-3645.000
	4	225	0.000	0.000	-3645.000
	4	226	0.000	0.000	-3645.000
	4	227	0.000	0.000	-3645.000
	4	228	0.000	0.000	-2734.000
	4	229	0.000	0.000	-911.000
	4	238	0.000	0.000	-2734.000
	4	239	0.000	0.000	-911.000
	4	241	0.000	0.000	-911.000
	4	242	0.000	0.000	-1823.000
	4	243	0.000	0.000	-3645.000
	4	246	0.000	0.000	-911.000
	4	249	0.000	0.000	-911.000
	4	250	0.000	0.000	-2734.000
	4	251	0.000	0.000	-911.000
	4	252	0.000	0.000	-2734.000
	4	253	0.000	0.000	-1823.000
	4	257	0.000	0.000	-2734.000
	4	258	0.000	0.000	-911.000
	4	259	0.000	0.000	-1823.000
	4	267	0.000	0.000	-911.000
	4	268	0.000	0.000	-2734.000
	4	269	0.000	0.000	-3645.000
	4	270	0.000	0.000	-3645.000
	4	271	0.000	0.000	-3645.000
	4	272	0.000	0.000	-3645.000
	4	273	0.000	0.000	-3645.000
	4	274	0.000	0.000	-3645.000
	4	275	0.000	0.000	-3645.000
	4	276	0.000	0.000	-3645.000
	4	277	0.000	0.000	-3645.000
	4	278	0.000	0.000	-3645.000
	4	279	0.000	0.000	-3645.000
	4	280	0.000	0.000	-3645.000
	4	281	0.000	0.000	-3645.000
	4	282	0.000	0.000	-2734.000
	4	283	0.000	0.000	-911.000
	4	284	0.000	0.000	-2734.000
	4	285	0.000	0.000	-3645.000
	4	286	0.000	0.000	-911.000
	4	287	0.000	0.000	-1823.000
	4	288	0.000	0.000	-2734.000
	4	289	0.000	0.000	-2734.000
	4	290	0.000	0.000	-911.000
	4	315	0.000	0.000	-911.000
	4	320	0.000	0.000	-911.000
	4	321	0.000	0.000	-2734.000
	4	322	0.000	0.000	-3645.000
	4	323	0.000	0.000	-3645.000
	4	324	0.000	0.000	-3645.000
	4	325	0.000	0.000	-3645.000
	4	326	0.000	0.000	-3645.000
	4	327	0.000	0.000	-3645.000
	4	328	0.000	0.000	-3645.000
	4	329	0.000	0.000	-2734.000
	4	331	0.000	0.000	-2734.000
	4	332	0.000	0.000	-911.000
	4	343	0.000	0.000	-911.000
	4	344	0.000	0.000	-3645.000
	4	345	0.000	0.000	-3645.000
	4	346	0.000	0.000	-3645.000
	4	347	0.000	0.000	-3645.000
	4	348	0.000	0.000	-2734.000
	4	349	0.000	0.000	-3645.000
	4	350	0.000	0.000	-3645.000
	4	352	0.000	0.000	-911.000
	4	372	0.000	0.000	-832.000
	4	373	0.000	0.000	-1665.000
	4	374	0.000	0.000	-2497.000
	4	375	0.000	0.000	-2497.000
	4	376	0.000	0.000	-2497.000
	4	377	0.000	0.000	-2497.000
	4	378	0.000	0.000	-2497.000
	4	379	0.000	0.000	-2497.000
	4	380	0.000	0.000	-2497.000
	4	381	0.000	0.000	-1823.000
	4	382	0.000	0.000	-1823.000
	4	383	0.000	0.000	-1822.000
	4	384	0.000	0.000	-1823.000
	4	385	0.000	0.000	-1822.000
	4	386	0.000	0.000	-2497.000
	4	391	0.000	0.000	-1215.000
	4	392	0.000	0.000	-1822.000
	4	393	0.000	0.000	-1822.000
	4	394	0.000	0.000	-1823.000
	4	395	0.000	0.000	-2430.000
	4	396	0.000	0.000	-1215.000
	4	397	0.000	0.000	-1822.000
	4	398	0.000	0.000	-1823.000
	4	399	0.000	0.000	-1822.000
	4	400	0.000	0.000	-1823.000
	4	401	0.000	0.000	-1822.000
	4	402	0.000	0.000	-1823.000
	4	403	0.000	0.000	-1935.000
	4	404	0.000	0.000	-1552.000
	4	405	0.000	0.000	-2992.000
	4	406	0.000	0.000	-1822.000
	4	407	0.000	0.000	-1822.000
	4	408	0.000	0.000	-1823.000
	4	409	0.000	0.000	-1822.000
	4	410	0.000	0.000	-1822.000
	4	411	0.000	0.000	-1823.000
	4	415	0.000	0.000	-1823.000
	4	416	0.000	0.000	-1822.000
	4	417	0.000	0.000	-608.000
	5	185	0.000	0.000	-3645.000
	5	186	0.000	0.000	-3645.000
	5	187	0.000	0.000	-3645.000
	5	188	0.000	0.000	-3645.000
	5	189	0.000	0.000	-3645.000
	5	190	0.000	0.000	-3661.000
	5	191	0.000	0.000	-3454.000
	5	192	0.000	0.000	-3661.000
	5	204	0.000	0.000	-911.000
	5	205	0.000	0.000	-2734.000
	5	206	0.000	0.000	-3645.000
	5	207	0.000	0.000	-2734.000
	5	209	0.000	0.000	-3661.000
	5	210	0.000	0.000	-3645.000
	5	211	0.000	0.000	-3645.000
	5	212	0.000	0.000	-3645.000
	5	213	0.000	0.000	-2734.000
	5	214	0.000	0.000	-911.000
	5	228	0.000	0.000	-911.000
	5	229	0.000	0.000	-2734.000
	5	230	0.000	0.000	-3645.000
	5	231	0.000	0.000	-3645.000
	5	232	0.000	0.000	-3645.000
	5	233	0.000	0.000	-3645.000
	5	234	0.000	0.000	-3645.000
	5	235	0.000	0.000	-3645.000
	5	236	0.000	0.000	-3645.000
	5	237	0.000	0.000	-3645.000
	5	259	0.000	0.000	-911.000
	5	260	0.000	0.000	-911.000
	5	264	0.000	0.000	-911.000
	5	265	0.000	0.000	-2734.000
	5	287	0.000	0.000	-911.000
	5	288	0.000	0.000	-911.000
	5	289	0.000	0.000	-911.000
	5	290	0.000	0.000	-2734.000
	5	291	0.000	0.000	-3645.000
	5	292	0.000	0.000	-3645.000
	5	293	0.000	0.000	-3645.000
	5	294	0.000	0.000	-3645.000
	5	295	0.000	0.000	-3661.000
	5	296	0.000	0.000	-3454.000
	5	297	0.000	0.000	-3454.000
	5	298	0.000	0.000	-2267.000
	5	299	0.000	0.000	-2267.000
	5	300	0.000	0.000	-653.000
	5	301	0.000	0.000	-1597.000
	5	302	0.000	0.000	-2267.000
	5	303	0.000	0.000	-3454.000
	5	304	0.000	0.000	-3661.000
	5	305	0.000	0.000	-3645.000
	5	306	0.000	0.000	-2750.000
	5	308	0.000	0.000	-911.000
	5	310	0.000	0.000	-911.000
	5	311	0.000	0.000	-2734.000
	5	312	0.000	0.000	-3645.000
	5	313	0.000	0.000	-2734.000
	5	314	0.000	0.000	-911.000
	5	315	0.000	0.000	-2734.000
	5	331	0.000	0.000	-911.000
	5	332	0.000	0.000	-2734.000
	5	333	0.000	0.000	-2267.000
	5	334	0.000	0.000	-3454.000
	5	335	0.000	0.000	-3661.000
	5	336	0.000	0.000	-2267.000
	5	337	0.000	0.000	-3454.000
	5	353	0.000	0.000	-773.000
	5	354	0.000	0.000	-1718.000
	5	355	0.000	0.000	-2750.000
	5	356	0.000	0.000	-911.000
	5	357	0.000	0.000	-2734.000
	5	358	0.000	0.000	-3645.000
	5	359	0.000	0.000	-3645.000
	5	360	0.000	0.000	-3645.000
	5	361	0.000	0.000	-2267.000
	5	362	0.000	0.000	-2267.000
	5	363	0.000	0.000	-3454.000
	5	364	0.000	0.000	-2388.000
	5	366	0.000	0.000	-1696.000
	5	367	0.000	0.000	-2528.000
	5	368	0.000	0.000	-2497.000
	5	369	0.000	0.000	-2497.000
	5	370	0.000	0.000	-2497.000
	5	371	0.000	0.000	-2497.000
	5	372	0.000	0.000	-1665.000
	5	373	0.000	0.000	-832.000
	5	387	0.000	0.000	-863.000
	5	388	0.000	0.000	-630.000
	5	389	0.000	0.000	-1845.000
	5	390	0.000	0.000	-1822.000
	5	391	0.000	0.000	-608.000
	5	412	0.000	0.000	-1823.000
	5	417	0.000	0.000	-1215.000
	5	418	0.000	0.000	-1822.000
	5	419	0.000	0.000	-1822.000
	5	420	0.000	0.000	-1237.000
##
/WINDLOAD/
	1	2	1737.000	0.000	0.000
	1	12	2025.000	0.000	0.000
	1	18	2025.000	0.000	0.000
	1	24	2025.000	0.000	0.000
	1	27	2025.000	0.000	0.000
	1	30	2025.000	0.000	0.000
	1	33	2025.000	0.000	0.000
	1	42	3240.000	0.000	0.000
	1	44	3240.000	0.000	0.000
	1	46	3240.000	0.000	0.000
	1	119	2025.000	0.000	0.000
	1	120	363.000	0.000	0.000
	1	126	580.000	0.000	0.000
	1	127	2780.000	0.000	0.000
	1	128	3240.000	0.000	0.000
	1	129	3240.000	0.000	0.000
	1	130	3240.000	0.000	0.000
	1	132	3240.000	0.000	0.000
	1	145	0.000	-2835.000	0.000
	1	147	0.000	-2335.000	0.000
	1	148	2700.000	0.000	0.000
	1	151	0.000	-2581.000	0.000
	1	152	0.000	-2581.000	0.000
	1	153	0.000	-2835.000	0.000
	1	154	0.000	-2581.000	0.000
	1	155	0.000	-2581.000	0.000
	1	156	0.000	-2835.000	0.000
	1	157	0.000	-2674.000	0.000
	1	158	338.000	-569.000	0.000
	1	159	1687.000	0.000	0.000
	1	185	0.000	0.000	3280.000
	1	186	0.000	0.000	3280.000
	1	187	0.000	0.000	3280.000
	1	188	0.000	0.000	3280.000
	1	189	0.000	0.000	3280.000
	1	190	0.000	0.000	3295.000
	1	191	0.000	0.000	3108.000
	1	192	0.000	0.000	3295.000
	1	193	0.000	0.000	2460.000
	1	194	0.000	0.000	3281.000
	1	195	0.000	0.000	2460.000
	1	196	0.000	0.000	3281.000
	1	197	0.000	0.000	1640.000
	1	198	0.000	0.000	820.000
	1	199	0.000	0.000	2460.000
	1	200	0.000	0.000	3280.000
	1	201	0.000	0.000	3280.000
	1	202	0.000	0.000	3281.000
	1	203	0.000	0.000	3280.000
	1	204	0.000	0.000	3281.000
	1	205	0.000	0.000	3280.000
	1	206	0.000	0.000	3280.000
	1	207	0.000	0.000	2460.000
	1	208	0.000	0.000	2460.000
	1	209	0.000	0.000	3295.000
	1	210	0.000	0.000	3281.000
	1	211	0.000	0.000	3281.000
	1	212	0.000	0.000	3280.000
	1	213	0.000	0.000	3281.000
	1	214	0.000	0.000	3280.000
	1	215	0.000	0.000	3280.000
	1	216	0.000	0.000	3280.000
	1	217	0.000	0.000	3280.000
	1	218	0.000	0.000	820.000
	1	221	0.000	-6946.000	0.000
	1	222	0.000	-6946.000	0.000
	1	224	0.000	0.000	2460.000
	1	225	0.000	0.000	3281.000
	1	226	0.000	0.000	3281.000
	1	227	0.000	0.000	3281.000
	1	228	0.000	0.000	3281.000
	1	229	0.000	0.000	3281.000
	1	230	0.000	0.000	3280.000
	1	231	0.000	0.000	3280.000
	1	232	0.000	0.000	3280.000
	1	233	0.000	0.000	3281.000
	1	234	0.000	0.000	3281.000
	1	235	0.000	0.000	3280.000
	1	236	0.000	0.000	3280.000
	1	237	0.000	0.000	3281.000
	1	238	0.000	0.000	820.000
	1	240	0.000	-6946.000	0.000
	1	243	0.000	0.000	1640.000
	1	244	2481.000	-4328.000	0.000
	1	245	4961.000	0.000	0.000
	1	247	4961.000	0.000	0.000
	1	248	4961.000	0.000	0.000
	1	250	0.000	0.000	820.000
	1	252	0.000	0.000	820.000
	1	255	0.000	-7494.000	0.000
	1	256	4961.000	0.000	0.000
	1	257	0.000	0.000	820.000
	1	259	0.000	0.000	820.000
	1	261	4961.000	0.000	0.000
	1	262	4961.000	0.000	0.000
	1	263	4961.000	0.000	0.000
	1	265	0.000	0.000	820.000
	1	266	0.000	-6946.000	0.000
	1	268	0.000	0.000	820.000
	1	269	0.000	0.000	2460.000
	1	270	0.000	0.000	3281.000
	1	271	0.000	0.000	3280.000
	1	272	0.000	0.000	3281.000
	1	273	0.000	0.000	3280.000
	1	274	0.000	0.000	3281.000
	1	275	0.000	0.000	3280.000
	1	276	0.000	0.000	3280.000
	1	277	0.000	0.000	3280.000
	1	278	0.000	0.000	3280.000
	1	279	0.000	0.000	3280.000
	1	280	0.000	0.000	3280.000
	1	281	0.000	0.000	2460.000
	1	282	0.000	0.000	820.000
	1	284	0.000	0.000	820.000
	1	285	0.000	0.000	2460.000
	1	287	0.000	0.000	820.000
	1	288	0.000	0.000	3281.000
	1	289	0.000	0.000	3281.000
	1	290	0.000	0.000	3281.000
	1	291	0.000	0.000	3280.000
	1	292	0.000	0.000	3281.000
	1	293	0.000	0.000	3281.000
	1	294	0.000	0.000	3281.000
	1	295	0.000	0.000	3295.000
	1	296	0.000	0.000	3108.000
	1	297	0.000	0.000	3108.000
	1	298	0.000	0.000	2041.000
	1	299	0.000	0.000	2041.000
	1	300	4136.000	0.000	0.000
	1	302	0.000	0.000	587.000
	1	303	0.000	0.000	2258.000
	1	304	0.000	0.000	3295.000
	1	305	0.000	0.000	2460.000
	1	306	0.000	0.000	820.000
	1	307	8065.000	0.000	0.000
	1	309	7938.000	0.000	0.000
	1	311	0.000	0.000	820.000
	1	312	0.000	0.000	2460.000
	1	313	0.000	0.000	820.000
	1	315	0.000	0.000	2460.000
	1	316	7938.000	0.000	0.000
	1	317	7938.000	0.000	0.000
	1	318	7938.000	0.000	0.000
	1	319	7938.000	0.000	0.000
	1	321	0.000	0.000	820.000
	1	322	0.000	0.000	3280.000
	1	323	0.000	0.000	2460.000
	1	324	0.000	0.000	3280.000
	1	325	0.000	0.000	3280.000
	1	326	0.000	0.000	3280.000
	1	327	0.000	0.000	3280.000
	1	328	0.000	0.000	3280.000
	1	329	0.000	0.000	820.000
	1	330	0.000	-6946.000	0.000
	1	331	0.000	0.000	3281.000
	1	332	0.000	0.000	3281.000
	1	333	0.000	0.000	2041.000
	1	334	0.000	0.000	3108.000
	1	335	0.000	0.000	3295.000
	1	336	0.000	0.000	2041.000
	1	337	0.000	0.000	3108.000
	1	338	7938.000	0.000	0.000
	1	339	5589.000	0.000	0.000
	1	340	1620.000	-1506.000	0.000
	1	341	0.000	-4890.000	0.000
	1	342	0.000	-6946.000	0.000
	1	344	0.000	0.000	2460.000
	1	345	0.000	0.000	3280.000
	1	346	0.000	0.000	3280.000
	1	347	0.000	0.000	3280.000
	1	348	0.000	0.000	820.000
	1	349	0.000	0.000	2460.000
	1	350	0.000	0.000	3281.000
	1	353	2585.000	0.000	0.000
	1	355	0.000	0.000	820.000
	1	357	0.000	0.000	820.000
	1	358	0.000	0.000	2460.000
	1	359	0.000	0.000	3281.000
	1	360	0.000	0.000	2460.000
	1	361	0.000	0.000	2041.000
	1	362	0.000	0.000	2041.000
	1	363	0.000	0.000	2258.000
	1	364	0.000	0.000	587.000
	1	365	5041.000	0.000	0.000
	1	367	2991.000	0.000	0.000
	1	369	2936.000	0.000	0.000
	1	371	2936.000	0.000	0.000
	1	373	2936.000	0.000	0.000
	1	375	2936.000	0.000	0.000
	1	377	2936.000	0.000	0.000
	1	379	2936.000	0.000	0.000
	1	381	4698.000	0.000	0.000
	1	383	4698.000	0.000	0.000
	1	385	2349.000	0.000	0.000
	1	386	2936.000	0.000	0.000
	1	387	1523.000	0.000	0.000
	1	388	2436.000	0.000	0.000
	1	389	4785.000	0.000	0.000
	1	390	4698.000	0.000	0.000
	1	391	4698.000	0.000	0.000
	1	392	4698.000	0.000	0.000
	1	393	0.000	-2055.000	0.000
	1	397	0.000	-4111.000	0.000
	1	398	0.000	-4111.000	0.000
	1	399	0.000	-4111.000	0.000
	1	400	0.000	-4111.000	0.000
	1	401	0.000	-4111.000	0.000
	1	402	0.000	-4111.000	0.000
	1	403	0.000	-4491.000	0.000
	1	404	1468.000	-2436.000	0.000
	1	412	4698.000	0.000	0.000
	1	1001	0.000	-88009.000	0.000
	1	1002	0.000	-88009.000	0.000
	1	1155	65000.000	-65000.000	0.000
	2	2	-2780.000	0.000	0.000
	2	12	-3240.000	0.000	0.000
	2	18	-3240.000	0.000	0.000
	2	24	-3240.000	0.000	0.000
	2	27	-3240.000	0.000	0.000
	2	30	-3240.000	0.000	0.000
	2	33	-3240.000	0.000	0.000
	2	42	-2025.000	0.000	0.000
	2	44	-2025.000	0.000	0.000
	2	46	-2025.000	0.000	0.000
	2	119	-3240.000	0.000	0.000
	2	120	-580.000	0.000	0.000
	2	126	-363.000	0.000	0.000
	2	127	-1737.000	0.000	0.000
	2	128	-2025.000	0.000	0.000
	2	129	-2025.000	0.000	0.000
	2	130	-2025.000	0.000	0.000
	2	132	-2025.000	0.000	0.000
	2	145	0.000	-2835.000	0.000
	2	147	0.000	-2335.000	0.000
	2	148	-1687.000	0.000	0.000
	2	151	0.000	-2581.000	0.000
	2	152	0.000	-2581.000	0.000
	2	153	0.000	-2835.000	0.000
	2	154	0.000	-2581.000	0.000
	2	155	0.000	-2581.000	0.000
	2	156	0.000	-2835.000	0.000
	2	157	0.000	-2674.000	0.000
	2	158	-540.000	-569.000	0.000
	2	159	-2700.000	0.000	0.000
	2	185	0.000	0.000	3280.000
	2	186	0.000	0.000	3280.000
	2	187	0.000	0.000	3280.000
	2	188	0.000	0.000	3280.000
	2	189	0.000	0.000	3280.000
	2	190	0.000	0.000	3295.000
	2	191	0.000	0.000	3108.000
	2	192	0.000	0.000	3295.000
	2	193	0.000	0.000	2460.000
	2	194	0.000	0.000	3281.000
	2	195	0.000	0.000	2460.000
	2	196	0.000	0.000	3281.000
	2	197	0.000	0.000	2460.000
	2	198	0.000	0.000	2460.000
	2	199	0.000	0.000	3280.000
	2	200	0.000	0.000	3280.000
	2	201	0.000	0.000	3280.000
	2	202	0.000	0.000	3281.000
	2	203	0.000	0.000	3280.000
	2	204	0.000	0.000	3281.000
	2	205	0.000	0.000	3280.000
	2	206	0.000	0.000	3280.000
	2	207	0.000	0.000	2460.000
	2	208	0.000	0.000	2460.000
	2	209	0.000	0.000	3295.000
	2	210	0.000	0.000	3281.000
	2	211	0.000	0.000	3281.000
	2	212	0.000	0.000	3280.000
	2	213	0.000	0.000	3281.000
	2	214	0.000	0.000	3280.000
	2	215	0.000	0.000	3280.000
	2	216	0.000	0.000	3280.000
	2	217	0.000	0.000	3280.000
	2	218	0.000	0.000	2460.000
	2	219	0.000	0.000	820.000
	2	220	0.000	0.000	820.000
	2	221	0.000	-6946.000	0.000
	2	222	0.000	-6946.000	0.000
	2	223	0.000	0.000	820.000
	2	224	0.000	0.000	3281.000
	2	225	0.000	0.000	3281.000
	2	226	0.000	0.000	3281.000
	2	227	0.000	0.000	3281.000
	2	228	0.000	0.000	3281.000
	2	229	0.000	0.000	3281.000
	2	230	0.000	0.000	3280.000
	2	231	0.000	0.000	3280.000
	2	232	0.000	0.000	3280.000
	2	233	0.000	0.000	3281.000
	2	234	0.000	0.000	3281.000
	2	235	0.000	0.000	3280.000
	2	236	0.000	0.000	3280.000
	2	237	0.000	0.000	3281.000
	2	238	0.000	0.000	2460.000
	2	239	0.000	0.000	820.000
	2	240	0.000	-6946.000	0.000
	2	241	0.000	0.000	820.000
	2	242	0.000	0.000	820.000
	2	243	0.000	0.000	2460.000
	2	244	-3969.000	-4328.000	0.000
	2	245	-7938.000	0.000	0.000
	2	247	-7938.000	0.000	0.000
	2	248	-7938.000	0.000	0.000
	2	250	0.000	0.000	820.000
	2	252	0.000	0.000	820.000
	2	253	0.000	0.000	820.000
	2	255	0.000	-7494.000	0.000
	2	256	-7938.000	0.000	0.000
	2	257	0.000	0.000	820.000
	2	259	0.000	0.000	820.000
	2	261	-7938.000	0.000	0.000
	2	262	-7938.000	0.000	0.000
	2	263	-7938.000	0.000	0.000
	2	265	0.000	0.000	820.000
	2	266	0.000	-6946.000	0.000
	2	267	0.000	0.000	820.000
	2	268	0.000	0.000	2460.000
	2	269	0.000	0.000	3280.000
	2	270	0.000	0.000	3281.000
	2	271	0.000	0.000	3280.000
	2	272	0.000	0.000	3281.000
	2	273	0.000	0.000	3280.000
	2	274	0.000	0.000	3281.000
	2	275	0.000	0.000	3280.000
	2	276	0.000	0.000	3280.000
	2	277	0.000	0.000	3280.000
	2	278	0.000	0.000	3280.000
	2	279	0.000	0.000	3280.000
	2	280	0.000	0.000	3280.000
	2	281	0.000	0.000	2460.000
	2	282	0.000	0.000	820.000
	2	284	0.000	0.000	820.000
	2	285	0.000	0.000	2460.000
	2	287	0.000	0.000	820.000
	2	288	0.000	0.000	3281.000
	2	289	0.000	0.000	3281.000
	2	290	0.000	0.000	3281.000
	2	291	0.000	0.000	3280.000
	2	292	0.000	0.000	3281.000
	2	293	0.000	0.000	3281.000
	2	294	0.000	0.000	3281.000
	2	295	0.000	0.000	3295.000
	2	296	0.000	0.000	3108.000
	2	297	0.000	0.000	3108.000
	2	298	0.000	0.000	2041.000
	2	299	0.000	0.000	2041.000
	2	300	-2585.000	0.000	0.000
	2	302	0.000	0.000	587.000
	2	303	0.000	0.000	2258.000
	2	304	0.000	0.000	3295.000
	2	305	0.000	0.000	2460.000
	2	306	0.000	0.000	820.000
	2	307	-5041.000	0.000	0.000
	2	309	-4961.000	0.000	0.000
	2	311	0.000	0.000	820.000
	2	312	0.000	0.000	2460.000
	2	313	0.000	0.000	820.000
	2	315	0.000	0.000	2460.000
	2	316	-4961.000	0.000	0.000
	2	317	-4961.000	0.000	0.000
	2	318	-4961.000	0.000	0.000
	2	319	-4961.000	0.000	0.000
	2	321	0.000	0.000	820.000
	2	322	0.000	0.000	3280.000
	2	323	0.000	0.000	2460.000
	2	324	0.000	0.000	3280.000
	2	325	0.000	0.000	3280.000
	2	326	0.000	0.000	3280.000
	2	327	0.000	0.000	3280.000
	2	328	0.000	0.000	3280.000
	2	329	0.000	0.000	2460.000
	2	330	0.000	-6946.000	0.000
	2	331	0.000	0.000	3281.000
	2	332	0.000	0.000	3281.000
	2	333	0.000	0.000	2041.000
	2	334	0.000	0.000	3108.000
	2	335	0.000	0.000	3295.000
	2	336	0.000	0.000	2041.000
	2	337	0.000	0.000	3108.000
	2	338	-4961.000	0.000	0.000
	2	339	-3493.000	0.000	0.000
	2	340	-1013.000	-1506.000	0.000
	2	341	0.000	-4890.000	0.000
	2	342	0.000	-6946.000	0.000
	2	343	0.000	0.000	820.000
	2	344	0.000	0.000	3280.000
	2	345	0.000	0.000	3280.000
	2	346	0.000	0.000	3280.000
	2	347	0.000	0.000	3280.000
	2	348	0.000	0.000	2460.000
	2	349	0.000	0.000	3281.000
	2	350	0.000	0.000	3281.000
	2	353	-4136.000	0.000	0.000
	2	355	0.000	0.000	820.000
	2	357	0.000	0.000	820.000
	2	358	0.000	0.000	2460.000
	2	359	0.000	0.000	3281.000
	2	360	0.000	0.000	2460.000
	2	361	0.000	0.000	2041.000
	2	362	0.000	0.000	2041.000
	2	363	0.000	0.000	2258.000
	2	364	0.000	0.000	587.000
	2	365	-8065.000	0.000	0.000
	2	367	-4785.000	0.000	0.000
	2	369	-4698.000	0.000	0.000
	2	371	-4698.000	0.000	0.000
	2	373	-4698.000	0.000	0.000
	2	375	-4698.000	0.000	0.000
	2	377	-4698.000	0.000	0.000
	2	379	-4698.000	0.000	0.000
	2	381	-2936.000	0.000	0.000
	2	383	-2936.000	0.000	0.000
	2	385	-1468.000	0.000	0.000
	2	386	-4698.000	0.000	0.000
	2	387	-2436.000	0.000	0.000
	2	388	-1523.000	0.000	0.000
	2	389	-2991.000	0.000	0.000
	2	390	-2936.000	0.000	0.000
	2	391	-2936.000	0.000	0.000
	2	392	-2936.000	0.000	0.000
	2	393	0.000	-2055.000	0.000
	2	397	0.000	-4111.000	0.000
	2	398	0.000	-4111.000	0.000
	2	399	0.000	-4111.000	0.000
	2	400	0.000	-4111.000	0.000
	2	401	0.000	-4111.000	0.000
	2	402	0.000	-4111.000	0.000
	2	403	0.000	-4491.000	0.000
	2	404	-2349.000	-2436.000	0.000
	2	412	-2936.000	0.000	0.000
	2	1001	0.000	-88009.000	0.000
	2	1002	0.000	-88009.000	0.000
	2	1155	-65000.000	-65000.000	0.000
	3	2	-2432.000	0.000	0.000
	3	12	-2835.000	0.000	0.000
	3	18	-2835.000	0.000	0.000
	3	24	-2835.000	0.000	0.000
	3	27	-2835.000	0.000	0.000
	3	30	-2835.000	0.000	0.000
	3	33	-2835.000	0.000	0.000
	3	42	-2835.000	0.000	0.000
	3	44	-2835.000	0.000	0.000
	3	46	-2835.000	0.000	0.000
	3	119	-2835.000	0.000	0.000
	3	120	-507.000	0.000	0.000
	3	126	-507.000	0.000	0.000
	3	127	-2432.000	0.000	0.000
	3	128	-2835.000	0.000	0.000
	3	129	-2835.000	0.000	0.000
	3	130	-2835.000	0.000	0.000
	3	132	-2835.000	0.000	0.000
	3	145	0.000	3240.000	0.000
	3	147	0.000	2668.000	0.000
	3	148	-2362.000	0.000	0.000
	3	151	0.000	2949.000	0.000
	3	152	0.000	2949.000	0.000
	3	153	0.000	3240.000	0.000
	3	154	0.000	2949.000	0.000
	3	155	0.000	2949.000	0.000
	3	156	0.000	3240.000	0.000
	3	157	0.000	3056.000	0.000
	3	158	-472.000	650.000	0.000
	3	159	-2362.000	0.000	0.000
	3	185	0.000	0.000	3280.000
	3	186	0.000	0.000	3280.000
	3	187	0.000	0.000	3280.000
	3	188	0.000	0.000	3280.000
	3	189	0.000	0.000	3280.000
	3	190	0.000	0.000	3295.000
	3	191	0.000	0.000	3108.000
	3	192	0.000	0.000	3295.000
	3	193	0.000	0.000	2460.000
	3	194	0.000	0.000	3281.000
	3	195	0.000	0.000	2460.000
	3	196	0.000	0.000	3281.000
	3	197	0.000	0.000	2460.000
	3	198	0.000	0.000	2460.000
	3	199	0.000	0.000	3280.000
	3	200	0.000	0.000	3280.000
	3	201	0.000	0.000	3280.000
	3	202	0.000	0.000	3281.000
	3	203	0.000	0.000	3280.000
	3	204	0.000	0.000	3281.000
	3	205	0.000	0.000	3280.000
	3	206	0.000	0.000	3280.000
	3	207	0.000	0.000	2460.000
	3	208	0.000	0.000	2460.000
	3	209	0.000	0.000	3295.000
	3	210	0.000	0.000	3281.000
	3	211	0.000	0.000	3281.000
	3	212	0.000	0.000	3280.000
	3	213	0.000	0.000	3281.000
	3	214	0.000	0.000	3280.000
	3	215	0.000	0.000	3280.000
	3	216	0.000	0.000	3280.000
	3	217	0.000	0.000	3280.000
	3	218	0.000	0.000	2460.000
	3	219	0.000	0.000	820.000
	3	220	0.000	0.000	820.000
	3	221	0.000	7938.000	0.000
	3	222	0.000	7938.000	0.000
	3	223	0.000	0.000	820.000
	3	224	0.000	0.000	3281.000
	3	225	0.000	0.000	3281.000
	3	226	0.000	0.000	3281.000
	3	227	0.000	0.000	3281.000
	3	228	0.000	0.000	3281.000
	3	229	0.000	0.000	3281.000
	3	230	0.000	0.000	3280.000
	3	231	0.000	0.000	3280.000
	3	232	0.000	0.000	3280.000
	3	233	0.000	0.000	3281.000
	3	234	0.000	0.000	3281.000
	3	235	0.000	0.000	3280.000
	3	236	0.000	0.000	3280.000
	3	237	0.000	0.000	3281.000
	3	238	0.000	0.000	2460.000
	3	239	0.000	0.000	820.000
	3	240	0.000	7938.000	0.000
	3	241	0.000	0.000	820.000
	3	242	0.000	0.000	820.000
	3	243	0.000	0.000	2460.000
	3	244	-3473.000	4946.000	0.000
	3	245	-6946.000	0.000	0.000
	3	247	-6946.000	0.000	0.000
	3	248	-6946.000	0.000	0.000
	3	250	0.000	0.000	820.000
	3	252	0.000	0.000	820.000
	3	253	0.000	0.000	820.000
	3	255	0.000	8565.000	0.000
	3	256	-6946.000	0.000	0.000
	3	257	0.000	0.000	820.000
	3	259	0.000	0.000	820.000
	3	261	-6946.000	0.000	0.000
	3	262	-6946.000	0.000	0.000
	3	263	-6946.000	0.000	0.000
	3	265	0.000	0.000	820.000
	3	266	0.000	7938.000	0.000
	3	267	0.000	0.000	820.000
	3	268	0.000	0.000	2460.000
	3	269	0.000	0.000	3280.000
	3	270	0.000	0.000	3281.000
	3	271	0.000	0.000	3280.000
	3	272	0.000	0.000	3281.000
	3	273	0.000	0.000	3280.000
	3	274	0.000	0.000	3281.000
	3	275	0.000	0.000	3280.000
	3	276	0.000	0.000	3280.000
	3	277	0.000	0.000	3280.000
	3	278	0.000	0.000	3280.000
	3	279	0.000	0.000	3280.000
	3	280	0.000	0.000	3280.000
	3	281	0.000	0.000	2460.000
	3	282	0.000	0.000	820.000
	3	284	0.000	0.000	820.000
	3	285	0.000	0.000	2460.000
	3	287	0.000	0.000	820.000
	3	288	0.000	0.000	3281.000
	3	289	0.000	0.000	3281.000
	3	290	0.000	0.000	3281.000
	3	291	0.000	0.000	3280.000
	3	292	0.000	0.000	3281.000
	3	293	0.000	0.000	3281.000
	3	294	0.000	0.000	3281.000
	3	295	0.000	0.000	3295.000
	3	296	0.000	0.000	3108.000
	3	297	0.000	0.000	3108.000
	3	298	0.000	0.000	2041.000
	3	299	0.000	0.000	2041.000
	3	300	-3619.000	0.000	0.000
	3	302	0.000	0.000	587.000
	3	303	0.000	0.000	2258.000
	3	304	0.000	0.000	3295.000
	3	305	0.000	0.000	2460.000
	3	306	0.000	0.000	820.000
	3	307	-7057.000	0.000	0.000
	3	309	-6946.000	0.000	0.000
	3	311	0.000	0.000	820.000
	3	312	0.000	0.000	2460.000
	3	313	0.000	0.000	820.000
	3	315	0.000	0.000	2460.000
	3	316	-6946.000	0.000	0.000
	3	317	-6946.000	0.000	0.000
	3	318	-6946.000	0.000	0.000
	3	319	-6946.000	0.000	0.000
	3	321	0.000	0.000	820.000
	3	322	0.000	0.000	3280.000
	3	323	0.000	0.000	2460.000
	3	324	0.000	0.000	3280.000
	3	325	0.000	0.000	3280.000
	3	326	0.000	0.000	3280.000
	3	327	0.000	0.000	3280.000
	3	328	0.000	0.000	3280.000
	3	329	0.000	0.000	2460.000
	3	330	0.000	7938.000	0.000
	3	331	0.000	0.000	3281.000
	3	332	0.000	0.000	3281.000
	3	333	0.000	0.000	2041.000
	3	334	0.000	0.000	3108.000
	3	335	0.000	0.000	3295.000
	3	336	0.000	0.000	2041.000
	3	337	0.000	0.000	3108.000
	3	338	-6946.000	0.000	0.000
	3	339	-4890.000	0.000	0.000
	3	340	-1418.000	1721.000	0.000
	3	341	0.000	5589.000	0.000
	3	342	0.000	7938.000	0.000
	3	343	0.000	0.000	820.000
	3	344	0.000	0.000	3280.000
	3	345	0.000	0.000	3280.000
	3	346	0.000	0.000	3280.000
	3	347	0.000	0.000	3280.000
	3	348	0.000	0.000	2460.000
	3	349	0.000	0.000	3281.000
	3	350	0.000	0.000	3281.000
	3	353	-3619.000	0.000	0.000
	3	355	0.000	0.000	820.000
	3	357	0.000	0.000	820.000
	3	358	0.000	0.000	2460.000
	3	359	0.000	0.000	3281.000
	3	360	0.000	0.000	2460.000
	3	361	0.000	0.000	2041.000
	3	362	0.000	0.000	2041.000
	3	363	0.000	0.000	2258.000
	3	364	0.000	0.000	587.000
	3	365	-7057.000	0.000	0.000
	3	367	-4187.000	0.000	0.000
	3	369	-4111.000	0.000	0.000
	3	371	-4111.000	0.000	0.000
	3	373	-4111.000	0.000	0.000
	3	375	-4111.000	0.000	0.000
	3	377	-4111.000	0.000	0.000
	3	379	-4111.000	0.000	0.000
	3	381	-4111.000	0.000	0.000
	3	383	-4111.000	0.000	0.000
	3	385	-2055.000	0.000	0.000
	3	386	-4111.000	0.000	0.000
	3	387	-2132.000	0.000	0.000
	3	388	-2132.000	0.000	0.000
	3	389	-4187.000	0.000	0.000
	3	390	-4111.000	0.000	0.000
	3	391	-4111.000	0.000	0.000
	3	392	-4111.000	0.000	0.000
	3	393	0.000	2349.000	0.000
	3	397	0.000	4698.000	0.000
	3	398	0.000	4698.000	0.000
	3	399	0.000	4698.000	0.000
	3	400	0.000	4698.000	0.000
	3	401	0.000	4698.000	0.000
	3	402	0.000	4698.000	0.000
	3	403	0.000	5133.000	0.000
	3	404	-2055.000	2784.000	0.000
	3	412	-4111.000	0.000	0.000
	3	1001	0.000	125581.000	0.000
	3	1002	0.000	125581.000	0.000
	3	1155	-65000.000	65000.000	0.000
	4	2	2432.000	0.000	0.000
	4	12	2835.000	0.000	0.000
	4	18	2835.000	0.000	0.000
	4	24	2835.000	0.000	0.000
	4	27	2835.000	0.000	0.000
	4	30	2835.000	0.000	0.000
	4	33	2835.000	0.000	0.000
	4	42	-2835.000	0.000	0.000
	4	44	-2835.000	0.000	0.000
	4	46	-2835.000	0.000	0.000
	4	119	2835.000	0.000	0.000
	4	120	507.000	0.000	0.000
	4	126	-507.000	0.000	0.000
	4	127	-2432.000	0.000	0.000
	4	128	-2835.000	0.000	0.000
	4	129	-2835.000	0.000	0.000
	4	130	-2835.000	0.000	0.000
	4	132	-2835.000	0.000	0.000
	4	145	0.000	-2025.000	0.000
	4	147	0.000	-1668.000	0.000
	4	148	-2362.000	0.000	0.000
	4	151	0.000	-1843.000	0.000
	4	152	0.000	-1843.000	0.000
	4	153	0.000	-2025.000	0.000
	4	154	0.000	-1843.000	0.000
	4	155	0.000	-1843.000	0.000
	4	156	0.000	-2025.000	0.000
	4	157	0.000	-1910.000	0.000
	4	158	472.000	-406.000	0.000
	4	159	2362.000	0.000	0.000
	4	185	0.000	0.000	3280.000
	4	186	0.000	0.000	3280.000
	4	187	0.000	0.000	3280.000
	4	188	0.000	0.000	3280.000
	4	189	0.000	0.000	3280.000
	4	190	0.000	0.000	3295.000
	4	191	0.000	0.000	3108.000
	4	192	0.000	0.000	3295.000
	4	193	0.000	0.000	2460.000
	4	194	0.000	0.000	3281.000
	4	195	0.000	0.000	2460.000
	4	196	0.000	0.000	3281.000
	4	197	0.000	0.000	2460.000
	4	198	0.000	0.000	2460.000
	4	199	0.000	0.000	3280.000
	4	200	0.000	0.000	3280.000
	4	201	0.000	0.000	3280.000
	4	202	0.000	0.000	3281.000
	4	203	0.000	0.000	3280.000
	4	204	0.000	0.000	3281.000
	4	205	0.000	0.000	3280.000
	4	206	0.000	0.000	3280.000
	4	207	0.000	0.000	2460.000
	4	208	0.000	0.000	2460.000
	4	209	0.000	0.000	3295.000
	4	210	0.000	0.000	3281.000
	4	211	0.000	0.000	3281.000
	4	212	0.000	0.000	3280.000
	4	213	0.000	0.000	3281.000
	4	214	0.000	0.000	3280.000
	4	215	0.000	0.000	3280.000
	4	216	0.000	0.000	3280.000
	4	217	0.000	0.000	3280.000
	4	218	0.000	0.000	2460.000
	4	219	0.000	0.000	820.000
	4	220	0.000	0.000	820.000
	4	221	0.000	-4961.000	0.000
	4	222	0.000	-4961.000	0.000
	4	223	0.000	0.000	820.000
	4	224	0.000	0.000	3281.000
	4	225	0.000	0.000	3281.000
	4	226	0.000	0.000	3281.000
	4	227	0.000	0.000	3281.000
	4	228	0.000	0.000	3281.000
	4	229	0.000	0.000	3281.000
	4	230	0.000	0.000	3280.000
	4	231	0.000	0.000	3280.000
	4	232	0.000	0.000	3280.000
	4	233	0.000	0.000	3281.000
	4	234	0.000	0.000	3281.000
	4	235	0.000	0.000	3280.000
	4	236	0.000	0.000	3280.000
	4	237	0.000	0.000	3281.000
	4	238	0.000	0.000	2460.000
	4	239	0.000	0.000	820.000
	4	240	0.000	-4961.000	0.000
	4	241	0.000	0.000	820.000
	4	242	0.000	0.000	820.000
	4	243	0.000	0.000	2460.000
	4	244	3473.000	-3091.000	0.000
	4	245	6946.000	0.000	0.000
	4	247	6946.000	0.000	0.000
	4	248	6946.000	0.000	0.000
	4	250	0.000	0.000	820.000
	4	252	0.000	0.000	820.000
	4	253	0.000	0.000	820.000
	4	255	0.000	-5353.000	0.000
	4	256	6946.000	0.000	0.000
	4	257	0.000	0.000	820.000
	4	259	0.000	0.000	820.000
	4	261	6946.000	0.000	0.000
	4	262	6946.000	0.000	0.000
	4	263	6946.000	0.000	0.000
	4	265	0.000	0.000	820.000
	4	266	0.000	-4961.000	0.000
	4	267	0.000	0.000	820.000
	4	268	0.000	0.000	2460.000
	4	269	0.000	0.000	3280.000
	4	270	0.000	0.000	3281.000
	4	271	0.000	0.000	3280.000
	4	272	0.000	0.000	3281.000
	4	273	0.000	0.000	3280.000
	4	274	0.000	0.000	3281.000
	4	275	0.000	0.000	3280.000
	4	276	0.000	0.000	3280.000
	4	277	0.000	0.000	3280.000
	4	278	0.000	0.000	3280.000
	4	279	0.000	0.000	3280.000
	4	280	0.000	0.000	3280.000
	4	281	0.000	0.000	2460.000
	4	282	0.000	0.000	820.000
	4	284	0.000	0.000	820.000
	4	285	0.000	0.000	2460.000
	4	287	0.000	0.000	820.000
	4	288	0.000	0.000	3281.000
	4	289	0.000	0.000	3281.000
	4	290	0.000	0.000	3281.000
	4	291	0.000	0.000	3280.000
	4	292	0.000	0.000	3281.000
	4	293	0.000	0.000	3281.000
	4	294	0.000	0.000	3281.000
	4	295	0.000	0.000	3295.000
	4	296	0.000	0.000	3108.000
	4	297	0.000	0.000	3108.000
	4	298	0.000	0.000	2041.000
	4	299	0.000	0.000	2041.000
	4	300	-3619.000	0.000	0.000
	4	302	0.000	0.000	587.000
	4	303	0.000	0.000	2258.000
	4	304	0.000	0.000	3295.000
	4	305	0.000	0.000	2460.000
	4	306	0.000	0.000	820.000
	4	307	-7057.000	0.000	0.000
	4	309	-6946.000	0.000	0.000
	4	311	0.000	0.000	820.000
	4	312	0.000	0.000	2460.000
	4	313	0.000	0.000	820.000
	4	315	0.000	0.000	2460.000
	4	316	-6946.000	0.000	0.000
	4	317	-6946.000	0.000	0.000
	4	318	-6946.000	0.000	0.000
	4	319	-6946.000	0.000	0.000
	4	321	0.000	0.000	820.000
	4	322	0.000	0.000	3280.000
	4	323	0.000	0.000	2460.000
	4	324	0.000	0.000	3280.000
	4	325	0.000	0.000	3280.000
	4	326	0.000	0.000	3280.000
	4	327	0.000	0.000	3280.000
	4	328	0.000	0.000	3280.000
	4	329	0.000	0.000	2460.000
	4	330	0.000	-4961.000	0.000
	4	331	0.000	0.000	3281.000
	4	332	0.000	0.000	3281.000
	4	333	0.000	0.000	2041.000
	4	334	0.000	0.000	3108.000
	4	335	0.000	0.000	3295.000
	4	336	0.000	0.000	2041.000
	4	337	0.000	0.000	3108.000
	4	338	-6946.000	0.000	0.000
	4	339	-4890.000	0.000	0.000
	4	340	-1418.000	-1076.000	0.000
	4	341	0.000	-3493.000	0.000
	4	342	0.000	-4961.000	0.000
	4	343	0.000	0.000	820.000
	4	344	0.000	0.000	3280.000
	4	345	0.000	0.000	3280.000
	4	346	0.000	0.000	3280.000
	4	347	0.000	0.000	3280.000
	4	348	0.000	0.000	2460.000
	4	349	0.000	0.000	3281.000
	4	350	0.000	0.000	3281.000
	4	353	3619.000	0.000	0.000
	4	355	0.000	0.000	820.000
	4	357	0.000	0.000	820.000
	4	358	0.000	0.000	2460.000
	4	359	0.000	0.000	3281.000
	4	360	0.000	0.000	2460.000
	4	361	0.000	0.000	2041.000
	4	362	0.000	0.000	2041.000
	4	363	0.000	0.000	2258.000
	4	364	0.000	0.000	587.000
	4	365	7057.000	0.000	0.000
	4	367	4187.000	0.000	0.000
	4	369	4111.000	0.000	0.000
	4	371	4111.000	0.000	0.000
	4	373	4111.000	0.000	0.000
	4	375	4111.000	0.000	0.000
	4	377	4111.000	0.000	0.000
	4	379	4111.000	0.000	0.000
	4	381	-4111.000	0.000	0.000
	4	383	-4111.000	0.000	0.000
	4	385	-2055.000	0.000	0.000
	4	386	4111.000	0.000	0.000
	4	387	2132.000	0.000	0.000
	4	388	-2132.000	0.000	0.000
	4	389	-4187.000	0.000	0.000
	4	390	-4111.000	0.000	0.000
	4	391	-4111.000	0.000	0.000
	4	392	-4111.000	0.000	0.000
	4	393	0.000	-1468.000	0.000
	4	397	0.000	-2936.000	0.000
	4	398	0.000	-2936.000	0.000
	4	399	0.000	-2936.000	0.000
	4	400	0.000	-2936.000	0.000
	4	401	0.000	-2936.000	0.000
	4	402	0.000	-2936.000	0.000
	4	403	0.000	-3208.000	0.000
	4	404	2055.000	-1740.000	0.000
	4	412	-4111.000	0.000	0.000
	4	1001	0.000	-130363.000	0.000
	4	1002	0.000	-130000.000	0.000
	4	1155	-65000.000	-65000.000	0.000
